-0.0182448 -0.025795 -0.999501
0.0534679 0.0115953 -0.998502
-0.0609946 0.03558 -0.997504
0.0247722 -0.0797724 -0.996505
0.0403783 0.08565 -0.995507
-0.0968538 -0.0396575 -0.994508
0.106734 -0.0393237 -0.99351
-0.0559925 0.108565 -0.992511
-0.0341084 -0.125456 -0.991513
0.11615 0.0734215 -0.990514
-0.142145 0.025561 -0.989516
0.0915983 -0.120181 -0.988517
0.0142163 0.156859 -0.987519
-0.120977 -0.110193 -0.98652
0.169549 -0.000482695 -0.985522
-0.128889 0.11875 -0.984523
0.0152915 -0.180126 -0.983525
0.113665 0.147385 -0.982526
-0.18849 -0.032788 -0.981528
0.16539 -0.10587 -0.980529
-0.0517034 0.194541 -0.979531
-0.0955105 -0.182627 -0.978532
0.198194 0.0717414 -0.977534
-0.19883 0.0827376 -0.976535
0.0926096 -0.199378 -0.975537
0.0677147 0.213752 -0.974538
-0.198042 -0.114017 -0.97354
0.227159 -0.0506187 -0.972541
-0.135676 0.194157 -0.971543
-0.0316413 -0.238836 -0.970544
0.187719 0.157298 -0.969546
-0.248587 0.0109889 -0.968547
0.178602 -0.178748 -0.967549
-0.0111176 0.256237 -0.96655
-0.167288 -0.199311 -0.965552
0.261631 0.034444 -0.964553
-0.219153 0.153409 -0.963555
0.0587443 -0.264641 -0.962556
0.137205 0.237869 -0.961558
-0.26516 -0.0837624 -0.960559
0.255208 -0.118795 -0.959561
-0.109234 0.263109 -0.958562
-0.0983211 -0.270933 -0.957564
0.258434 0.134888 -0.956565
-0.284824 0.0759465 -0.955567
0.160451 -0.251108 -0.954568
0.0518563 0.296675 -0.95357
-0.241129 -0.185648 -0.952571
0.306301 -0.0262546 -0.951573
-0.210203 0.228525 -0.950574
0.000636909 -0.313537 -0.949576
0.213349 0.233845 -0.948577
-0.318242 -0.028581 -0.947579
0.256309 -0.195682 -0.94658
-0.0573269 0.320295 -0.945582
-0.17563 -0.277339 -0.944583
0.319603 0.0866126 -0.943585
-0.296687 0.153324 -0.942586
0.116167 -0.316098 -0.941588
0.128918 0.314121 -0.940589
-0.309738 -0.145712 -0.939591
0.329423 -0.102593 -0.938592
-0.174967 0.300508 -0.937594
-0.0745452 -0.342392 -0.936595
0.288421 0.203648 -0.935597
-0.352848 0.0449953 -0.934598
0.231473 -0.273518 -0.9336
0.0141794 0.36063 -0.932601
-0.255867 -0.258165 -0.931603
0.365602 0.01765 -0.930604
-0.28345 0.235562 -0.929606
0.0502273 -0.367649 -0.928607
0.212725 0.307067 -0.927609
-0.366686 -0.0832752 -0.92661
0.328764 -0.187503 -0.925612
-0.116508 0.362652 -0.924613
-0.160067 -0.348303 -0.923615
0.355513 0.149634 -0.922616
-0.365461 0.130611 -0.921618
0.182357 -0.345263 -0.920619
0.0993511 0.380036 -0.919621
-0.331926 -0.21438 -0.918622
0.391844 -0.0665228 -0.917624
-0.245408 0.315552 -0.916625
-0.0323797 -0.400724 -0.915627
0.296221 0.275152 -0.914628
-0.406538 -0.00280908 -0.91363
0.303326 -0.27404 -0.912631
-0.0387607 0.409174 -0.911633
-0.249143 -0.329656 -0.910634
0.408547 0.0751811 -0.909636
-0.353881 0.221691 -0.908637
0.111768 -0.404599 -0.907639
0.191867 0.375754 -0.90664
-0.397299 -0.148212 -0.905642
0.395043 -0.159882 -0.904643
-0.184202 0.386647 -0.903645
-0.125966 -0.411537 -0.902646
0.372672 0.219425 -0.901648
-0.425046 0.090371 -0.900649
0.25357 -0.355431 -0.899651
0.0533656 0.435404 -0.898652
-0.335012 -0.286331 -0.897654
0.442468 -0.0152357 -0.896655
-0.317409 0.311529 -0.895657
0.0237192 -0.446122 -0.894658
0.285128 0.346518 -0.89366
-0.446277 -0.0631884 -0.892661
0.373381 -0.255978 -0.891663
-0.102852 0.442876 -0.890664
-0.224276 -0.397738 -0.889666
0.435887 0.142386 -0.888667
-0.419347 0.190244 -0.887668
0.181459 -0.425311 -0.88667
0.154125 0.437986 -0.885671
-0.411177 -0.219743 -0.884673
0.453454 -0.116184 -0.883674
-0.256909 0.393549 -0.882676
-0.0767055 -0.465576 -0.881677
0.372516 0.292637 -0.880679
-0.474201 0.0359894 -0.87968
0.326611 -0.3482 -0.878682
-0.00564914 0.479207 -0.877683
-0.320751 -0.358528 -0.876685
0.4805 0.0478835 -0.875686
-0.388097 0.290347 -0.874688
0.0903777 -0.478015 -0.873689
0.257195 0.415043 -0.872691
-0.471719 -0.13279 -0.871692
0.439111 -0.221525 -0.870694
-0.174773 0.46161 -0.869695
-0.183591 -0.460065 -0.868697
0.447717 0.215983 -0.867698
-0.477692 0.143671 -0.8667
0.256073 -0.430102 -0.865701
0.10206 0.491805 -0.864703
-0.408857 -0.294704 -0.863704
0.502244 -0.0590724 -0.862706
-0.331547 0.384106 -0.861707
-0.0150374 -0.508875 -0.860709
0.356002 0.366279 -0.85971
-0.511597 -0.0297038 -0.858712
0.398595 -0.324731 -0.857713
-0.0748 0.510338 -0.856715
-0.290502 -0.428203 -0.855716
0.505057 0.119893 -0.854718
-0.454833 0.253555 -0.853719
0.164621 -0.495749 -0.852721
0.214152 0.478234 -0.851722
-0.482438 -0.20862 -0.850724
0.498179 -0.17258 -0.849725
-0.25153 0.465183 -0.848727
-0.129146 -0.514468 -0.847728
0.444076 0.292993 -0.84673
-0.526928 0.0841752 -0.845731
0.332662 -0.41924 -0.844733
0.0380091 0.535413 -0.843734
-0.39083 -0.3702 -0.842736
0.539812 0.00899748 -0.841737
-0.405281 0.359034 -0.840739
0.056479 -0.540043 -0.83974
0.324065 0.4376 -0.838742
-0.536057 -0.104063 -0.837743
0.466868 -0.286168 -0.836745
-0.151371 0.52784 -0.835746
-0.245611 -0.492819 -0.834748
0.515411 0.198023 -0.833749
-0.515211 0.20269 -0.832751
0.243644 -0.498824 -0.831752
0.157719 0.533828 -0.830754
-0.478167 -0.287858 -0.829755
0.548483 -0.111034 -0.828757
-0.330301 0.453561 -0.827758
-0.0629868 -0.559018 -0.82676
0.42516 0.370618 -0.825761
-0.565307 0.0139452 -0.824763
0.408467 -0.39315 -0.823764
-0.0357129 0.567257 -0.822766
-0.357749 -0.443525 -0.821767
0.564811 0.0856006 -0.820769
-0.475485 0.319203 -0.81977
0.135326 -0.557942 -0.818772
0.277786 0.504065 -0.817773
-0.546664 -0.184493 -0.816775
0.529007 -0.233797 -0.815776
-0.23271 0.531021 -0.814778
-0.187558 -0.550077 -0.813779
0.511096 0.279586 -0.812781
-0.567074 0.139415 -0.811782
0.324738 -0.487006 -0.810784
0.0897269 0.579825 -0.809785
-0.458901 -0.367795 -0.808787
0.58819 -0.0388728 -0.807788
-0.408399 0.426967 -0.80679
0.0127577 -0.592062 -0.805791
0.391419 0.446205 -0.804793
-0.591371 -0.0647651 -0.803794
0.480893 -0.352506 -0.802796
-0.116743 0.586082 -0.801797
-0.310503 -0.512161 -0.800799
0.576194 0.168284 -0.7998
-0.539733 0.265713 -0.798802
0.218977 -0.561747 -0.797803
0.218465 0.563361 -0.796805
-0.542812 -0.268417 -0.795806
0.582824 -0.169107 -0.794808
-0.316204 0.519501 -0.793809
-0.118011 -0.597934 -0.792811
0.49196 0.361951 -0.791812
-0.608535 0.0655615 -0.790814
0.40528 -0.460369 -0.789815
0.0121597 0.614508 -0.788817
-0.424943 -0.445832 -0.787818
0.615767 0.0417837 -0.78682
-0.483265 0.385928 -0.785821
0.09585 -0.612263 -0.784823
0.343599 0.517261 -0.783824
-0.603986 -0.149617 -0.782826
0.547526 -0.298264 -0.781827
-0.20266 0.590961 -0.780829
-0.250252 -0.573793 -0.77983
0.573255 0.254559 -0.778832
-0.595826 0.199918 -0.777833
0.304898 -0.550967 -0.776835
0.147638 0.613417 -0.775836
-0.524238 -0.353272 -0.774838
0.626397 -0.0938072 -0.773839
-0.399286 0.493242 -0.772841
-0.0388334 -0.634627 -0.771842
0.458189 0.442563 -0.770844
-0.638008 -0.0168619 -0.769845
0.482745 -0.419323 -0.768847
-0.0728487 0.636476 -0.767848
-0.376919 -0.519494 -0.76685
0.630008 0.128692 -0.765851
-0.552497 0.331282 -0.764853
0.183954 -0.618618 -0.763854
0.282744 0.581469 -0.762856
-0.602358 -0.238199 -0.761857
0.606156 -0.231665 -0.760859
-0.290996 0.58132 -0.75986
-0.178424 -0.626334 -0.758862
0.555636 0.341924 -0.757863
-0.641812 0.123421 -0.756865
0.390571 -0.525471 -0.755866
0.0670734 0.652438 -0.754868
-0.491031 -0.436543 -0.753869
0.658095 -0.00981079 -0.752871
-0.479461 0.452554 -0.751872
0.0479265 -0.658705 -0.750874
0.410312 0.518971 -0.749875
-0.654227 -0.105692 -0.748877
0.554742 -0.364609 -0.747878
-0.163035 0.644663 -0.74688
-0.315778 -0.586469 -0.745881
0.630053 0.219507 -0.744883
-0.613878 0.264177 -0.743884
0.274661 -0.610477 -0.742886
0.210192 0.636728 -0.741887
-0.586055 -0.32806 -0.740889
0.654811 -0.154226 -0.73989
-0.379276 0.556946 -0.738892
-0.0967015 -0.667954 -0.737893
0.523345 0.427898 -0.736895
-0.676024 0.0380572 -0.735896
0.473528 -0.485486 -0.734898
-0.0212581 0.678926 -0.733899
-0.443635 -0.515795 -0.732901
0.676604 0.0807873 -0.731902
-0.554347 0.398094 -0.730904
0.140069 -0.669044 -0.729905
0.349193 0.588863 -0.728907
-0.656271 -0.19864 -0.727908
0.619048 -0.297292 -0.72691
-0.256041 0.638354 -0.725911
-0.242776 -0.644641 -0.724913
0.6154 0.311819 -0.723914
-0.665415 0.186052 -0.722916
0.365531 -0.587557 -0.721917
0.127549 0.681181 -0.720919
-0.555011 -0.416746 -0.71992
0.691785 -0.0677097 -0.718922
-0.465053 0.517989 -0.717923
-0.00699122 -0.697116 -0.716925
0.47675 0.510058 -0.715926
-0.697099 -0.0541399 -0.714928
0.551393 -0.431591 -0.713929
-0.115212 0.691705 -0.712931
-0.382839 -0.588716 -0.711932
0.680945 0.175749 -0.710934
-0.621714 0.330853 -0.709935
0.23528 -0.66487 -0.708937
0.276017 0.650106 -0.707938
-0.643576 -0.293336 -0.70694
0.673647 -0.21874 -0.705941
-0.349459 0.617199 -0.704943
-0.159454 -0.692125 -0.703944
0.585915 0.403202 -0.702946
-0.70537 0.0986077 -0.701947
0.454135 -0.549939 -0.700949
0.0366634 0.71325 -0.69995
-0.509524 -0.501848 -0.698952
0.715675 0.025904 -0.697953
-0.545954 0.464961 -0.696955
0.0886127 -0.712596 -0.695956
0.416571 0.586091 -0.694958
-0.704008 -0.150977 -0.693959
0.621926 -0.36471 -0.692961
-0.212513 0.689947 -0.691962
-0.309762 -0.653159 -0.690964
0.670494 0.272737 -0.689965
-0.679524 0.252135 -0.688967
0.331178 -0.645772 -0.687968
0.192263 0.700791 -0.68697
-0.615944 -0.387372 -0.685971
0.716769 -0.130597 -0.684973
-0.440873 0.581215 -0.683974
-0.067606 -0.727306 -0.682976
0.541829 0.491252 -0.681977
-0.732294 0.00377146 -0.680979
0.538103 -0.498068 -0.67998
-0.0604167 0.731665 -0.678982
-0.450248 -0.581047 -0.677983
0.725397 0.124463 -0.676985
-0.61973 0.39872 -0.675986
0.187871 -0.71351 -0.674988
0.343863 0.653833 -0.673989
-0.696068 -0.250147 -0.672991
0.683068 -0.286086 -0.671992
-0.310803 0.673178 -0.670994
-0.225823 -0.707185 -0.669995
0.644993 0.369362 -0.668997
-0.725973 0.163527 -0.667998
0.42536 -0.611703 -0.667
0.0996713 0.739262 -0.666001
-0.573543 -0.478352 -0.665002
0.746921 -0.0347417 -0.664004
-0.527913 0.530784 -0.663005
0.030764 -0.748866 -0.662007
0.483735 0.573645 -0.661008
-0.745054 -0.096342 -0.66001
0.615174 -0.432741 -0.659011
-0.161485 0.735487 -0.658013
-0.378177 -0.652161 -0.657014
0.720214 0.225688 -0.656016
-0.684298 0.32045 -0.655017
0.288449 -0.699326 -0.654019
0.25999 0.711315 -0.65302
-0.672958 -0.349277 -0.652022
0.73298 -0.197254 -0.651023
-0.407692 0.641291 -0.650025
-0.132715 -0.7491 -0.649026
0.604545 0.463233 -0.648028
-0.759527 0.0668655 -0.647029
0.515456 -0.562982 -0.646031
0.000207742 0.764155 -0.645032
-0.516901 -0.563944 -0.644034
0.762922 0.0667464 -0.643035
-0.608306 0.466639 -0.642037
0.133481 -0.755813 -0.641038
0.412567 0.64818 -0.64004
-0.742856 -0.199478 -0.639041
0.683239 -0.355085 -0.638043
-0.264227 0.724126 -0.637044
-0.294622 -0.713192 -0.636046
0.699744 0.327219 -0.635047
-0.737785 0.231635 -0.634049
0.387963 -0.669875 -0.63305
0.166597 0.756806 -0.632052
-0.634725 -0.445978 -0.631053
0.770084 -0.100004 -0.630055
-0.500805 0.594543 -0.629056
-0.0323635 -0.777493 -0.628058
0.549621 0.552008 -0.627059
-0.778952 -0.0358071 -0.626061
0.599177 -0.500284 -0.625062
-0.103983 0.774423 -0.624064
-0.446897 -0.641929 -0.623065
0.76392 0.171638 -0.622067
-0.679918 0.389854 -0.621068
0.238248 -0.747497 -0.62007
0.329581 0.71283 -0.619071
-0.725258 -0.303293 -0.618073
0.740392 -0.266531 -0.617074
-0.366267 0.697352 -0.616076
-0.20118 -0.762369 -0.615077
0.663971 0.426673 -0.614079
-0.778569 0.134022 -0.61308
0.484036 -0.625352 -0.612082
0.0655702 0.788846 -0.611083
-0.581772 -0.537901 -0.610085
0.793095 0.00365337 -0.609086
-0.587839 0.533549 -0.608088
0.0731171 -0.791263 -0.607089
0.481037 0.633449 -0.606091
-0.783338 -0.142286 -0.605092
0.674363 -0.424624 -0.604094
-0.210625 0.769359 -0.603095
-0.364731 -0.710247 -0.602097
0.749411 0.277603 -0.601098
-0.740805 0.301807 -0.6001
0.342699 -0.723626 -0.599101
0.236327 0.765782 -0.598103
-0.692181 -0.405404 -0.597104
0.784965 -0.168785 -0.596106
-0.465224 0.655297 -0.595107
-0.0996963 -0.798183 -0.594109
0.613238 0.521688 -0.59311
-0.805312 0.0295869 -0.592112
0.574348 -0.566312 -0.591113
-0.0410057 0.806277 -0.590115
-0.514861 -0.622785 -0.589116
0.801047 0.111539 -0.588118
-0.666608 0.459266 -0.587119
0.181468 -0.78964 -0.586121
0.399941 0.705464 -0.585122
-0.772122 -0.250253 -0.584124
0.739035 -0.337331 -0.583125
-0.317357 0.748607 -0.582127
-0.271906 -0.767044 -0.581128
0.719255 0.382259 -0.58013
-0.789256 0.204162 -0.579131
0.444449 -0.684271 -0.578133
0.134612 0.805479 -0.577134
-0.643907 -0.50344 -0.576136
0.815566 -0.0637868 -0.575137
-0.558764 0.598454 -0.574139
0.00777222 -0.81942 -0.57314
0.548246 0.609984 -0.572142
-0.81699 -0.0795158 -0.571143
0.65669 -0.493653 -0.570145
-0.150892 0.808272 -0.569146
-0.435082 -0.698507 -0.568148
0.793314 0.221348 -0.567149
-0.735096 0.372971 -0.566151
0.290339 -0.772208 -0.565152
0.307787 0.766158 -0.564154
-0.745099 -0.357329 -0.563155
0.791435 -0.240021 -0.562157
-0.421793 0.712174 -0.561158
-0.170189 -0.810714 -0.56016
0.673669 0.483227 -0.559161
-0.823826 0.0988202 -0.558163
0.541149 -0.629862 -0.557164
0.0264609 0.83065 -0.556166
-0.581074 -0.595099 -0.555167
0.831114 0.0463348 -0.554169
-0.64465 0.527664 -0.55317
0.119007 -0.825193 -0.552172
0.47003 0.689406 -0.551173
-0.812913 -0.190997 -0.550175
0.729006 -0.408601 -0.549176
-0.261745 0.794349 -0.548178
-0.343841 -0.763131 -0.547179
0.769624 0.330705 -0.546181
-0.791499 0.276236 -0.545182
0.397339 -0.738909 -0.544184
0.206299 0.813874 -0.543185
-0.702422 -0.461126 -0.542187
0.830065 -0.134562 -0.541188
-0.521567 0.660426 -0.54019
-0.0615713 -0.83993 -0.539191
0.61323 0.578185 -0.538193
-0.843372 -0.0121142 -0.537194
0.630533 -0.561179 -0.536196
-0.0859292 0.840345 -0.535197
-0.504661 -0.678196 -0.534199
0.830855 0.159306 -0.5332
-0.720791 0.444097 -0.532202
0.231677 -0.814953 -0.531203
0.379942 0.757976 -0.530205
-0.792745 -0.302483 -0.529206
0.789448 -0.312679 -0.528208
-0.371174 0.764382 -0.527209
-0.242818 -0.814949 -0.526211
0.730066 0.437214 -0.525212
-0.834265 0.170888 -0.524214
0.500088 -0.690042 -0.523215
0.0974373 0.847228 -0.522217
-0.644603 -0.559302 -0.521218
0.853722 -0.0230275 -0.52022
-0.61439 0.594083 -0.519221
0.0517714 -0.853677 -0.518223
0.538857 0.664916 -0.517224
-0.847076 -0.126385 -0.516226
0.710477 -0.479336 -0.515227
-0.200237 0.833951 -0.514229
-0.415967 -0.750711 -0.51323
0.814384 0.272759 -0.512232
-0.785291 0.349227 -0.511233
0.343387 -0.788509 -0.510235
0.27962 0.813936 -0.509236
-0.756507 -0.411572 -0.508238
0.836409 -0.207674 -0.507239
-0.476784 0.718608 -0.506241
-0.133937 -0.85252 -0.505242
0.675087 0.538513 -0.504244
-0.862129 0.0589718 -0.503245
0.596273 -0.626264 -0.502247
-0.0166486 0.865143 -0.501248
-0.572502 -0.649609 -0.50025
0.861522 0.0923436 -0.499251
-0.6981 0.5142 -0.498253
0.167531 -0.851277 -0.497254
0.451794 0.741358 -0.496256
-0.834467 -0.24163 -0.495257
0.779038 -0.385756 -0.494259
-0.314069 0.811206 -0.49326
-0.316583 -0.810835 -0.492262
0.781656 0.384285 -0.491263
-0.836489 0.244799 -0.490265
0.451732 -0.746027 -0.489266
0.170951 0.855787 -0.488268
-0.704579 -0.515885 -0.487269
0.868563 -0.0956001 -0.486271
-0.57624 0.657616 -0.485272
-0.0193238 -0.874703 -0.484274
0.605484 0.632325 -0.483275
-0.874143 -0.0572938 -0.482277
0.683696 -0.548572 -0.481278
-0.133664 0.866871 -0.48028
-0.487306 -0.729947 -0.479281
0.852925 0.209199 -0.478283
-0.770709 0.422147 -0.477284
0.283315 -0.832397 -0.476286
0.353585 0.805655 -0.475287
-0.805428 -0.355439 -0.474289
0.834502 -0.282141 -0.47329
-0.42501 0.772209 -0.472292
-0.208357 -0.857012 -0.471293
0.732982 0.491488 -0.470295
-0.872999 0.132794 -0.469296
0.554354 -0.688033 -0.468298
0.0560301 0.882322 -0.467299
-0.637695 -0.613114 -0.466301
0.884895 0.0213475 -0.465302
-0.667309 0.582341 -0.464304
0.0987449 -0.88068 -0.463305
0.522387 0.716509 -0.462307
-0.869696 -0.175567 -0.461308
0.760325 -0.458281 -0.46031
-0.251221 0.85201 -0.459311
-0.390508 -0.798406 -0.458313
0.827743 0.325124 -0.457314
-0.830448 0.319581 -0.456316
0.396701 -0.797066 -0.455317
0.246036 0.85619 -0.454319
-0.760201 -0.465398 -0.45332
0.875418 -0.170435 -0.452322
-0.530679 0.717417 -0.451323
-0.0933544 -0.887971 -0.450325
0.669029 0.592036 -0.449326
-0.893737 0.0153827 -0.448328
0.648986 -0.615398 -0.447329
-0.062882 0.892656 -0.446331
-0.556923 -0.701082 -0.445332
0.884722 0.140838 -0.444333
-0.747914 0.494044 -0.443335
0.217887 -0.869979 -0.442336
0.427234 0.789108 -0.441338
-0.848527 -0.293432 -0.440339
0.824337 -0.356999 -0.439341
-0.36689 0.820517 -0.438342
-0.283871 -0.853316 -0.437344
0.786148 0.437692 -0.436345
-0.875808 0.208407 -0.435347
0.505287 -0.745672 -0.434348
0.131181 0.891627 -0.43335
-0.699386 -0.56915 -0.432351
0.900638 -0.0527832 -0.431353
-0.62878 0.647635 -0.430354
0.0261854 -0.902756 -0.429356
0.590804 0.683711 -0.428357
-0.89795 -0.105119 -0.427359
0.73351 -0.529321 -0.42636
-0.183411 0.886243 -0.425362
-0.463647 -0.777784 -0.424363
0.867712 0.260459 -0.423365
-0.81618 0.394279 -0.422366
0.335666 -0.842483 -0.421368
0.321743 0.848393 -0.420369
-0.810737 -0.408452 -0.419371
0.874161 -0.246591 -0.418372
-0.478251 0.772706 -0.417374
-0.169393 -0.893273 -0.416375
0.728669 0.544522 -0.415377
-0.90557 0.0907404 -0.414378
0.606747 -0.678951 -0.41338
0.011234 0.910942 -0.412381
-0.623925 -0.664441 -0.411383
0.909335 0.0685165 -0.410384
-0.71715 0.564002 -0.409386
0.147899 -0.900747 -0.408387
0.499634 0.764461 -0.407389
-0.885231 -0.226301 -0.40639
0.805997 -0.431307 -0.405392
-0.30312 0.862893 -0.404393
-0.359537 -0.841431 -0.403395
0.83389 0.377762 -0.402396
-0.870476 0.284871 -0.401398
0.449649 -0.798434 -0.400399
0.207876 0.892898 -0.399401
-0.756784 -0.518222 -0.398402
0.908511 -0.12914 -0.397404
-0.582949 0.709248 -0.396405
-0.0492645 -0.917184 -0.395407
0.656181 0.643326 -0.394408
-0.918836 -0.0311386 -0.39341
0.698879 -0.597981 -0.392411
-0.111452 0.913441 -0.391413
-0.535085 -0.749173 -0.390414
0.901028 0.19106 -0.389416
-0.793812 0.467968 -0.388417
0.269347 -0.88168 -0.387419
0.397138 0.832442 -0.38642
-0.855532 -0.345711 -0.385422
0.864757 -0.323133 -0.384423
-0.41956 0.822773 -0.383425
-0.246515 -0.890495 -0.382426
0.783643 0.490324 -0.381428
-0.909447 0.167868 -0.380429
0.557452 -0.738431 -0.379431
0.0877941 0.921456 -0.378432
-0.687474 -0.620422 -0.377434
0.926417 -0.00690506 -0.376435
-0.678744 0.631153 -0.375437
0.0741788 -0.92428 -0.374438
0.569892 0.73196 -0.37344
-0.915048 -0.154835 -0.372441
0.779654 -0.504153 -0.371443
-0.234442 0.898781 -0.370444
-0.434433 -0.821448 -0.369446
0.875591 0.312388 -0.368447
-0.857013 0.361262 -0.367449
0.38807 -0.845645 -0.36645
0.285195 0.886064 -0.365452
-0.809161 -0.460903 -0.364453
0.908367 -0.206811 -0.363455
-0.530324 0.766409 -0.362456
-0.12671 -0.923738 -0.361458
0.717706 0.595791 -0.360459
-0.93205 0.0455043 -0.359461
0.656797 -0.663417 -0.358462
-0.0361848 0.933226 -0.357464
-0.60395 -0.712865 -0.356465
0.927245 0.11773 -0.355467
-0.763557 0.539753 -0.354468
0.198505 -0.914142 -0.35347
0.471312 0.808473 -0.352471
-0.894005 -0.277888 -0.351473
0.847261 -0.399146 -0.350474
-0.355266 0.866979 -0.349476
-0.323802 -0.879611 -0.348477
0.83326 0.430043 -0.347479
-0.905266 0.245856 -0.34648
0.501639 -0.793096 -0.345482
0.165901 0.924017 -0.344483
-0.746786 -0.569499 -0.343485
0.935711 -0.0845483 -0.342486
-0.633097 0.694675 -0.341488
-0.00242121 -0.940245 -0.340489
0.637156 0.691938 -0.339491
-0.937575 -0.0798509 -0.338492
0.745561 -0.574662 -0.337494
-0.161636 0.927709 -0.336495
-0.507665 -0.793548 -0.335497
0.910713 0.242306 -0.334498
-0.83552 0.436673 -0.3335
0.321238 -0.886707 -0.332501
0.362225 0.871148 -0.331503
-0.855863 -0.397825 -0.330504
0.900147 -0.284889 -0.329506
-0.471474 0.81841 -0.328507
-0.205253 -0.922285 -0.327509
0.774625 0.541616 -0.32651
-0.937382 0.123926 -0.325512
0.607706 -0.724834 -0.324513
0.0415303 0.945311 -0.323515
-0.669413 -0.669231 -0.322516
0.946002 0.041303 -0.321518
-0.725712 0.608777 -0.320519
0.123938 -0.939439 -0.319521
0.543387 0.776708 -0.318522
-0.925662 -0.20574 -0.317524
0.821819 -0.473736 -0.316525
-0.28608 0.904766 -0.315527
-0.400354 -0.860691 -0.314528
0.876902 0.364338 -0.31353
-0.893016 0.323799 -0.312531
0.439911 -0.842274 -0.311533
0.244655 0.918538 -0.310534
-0.801139 -0.512215 -0.309536
0.937051 -0.163526 -0.308537
-0.580689 0.753804 -0.307539
-0.0810327 -0.948402 -0.30654
0.700624 0.644803 -0.305542
-0.952496 -0.00219381 -0.304543
0.704058 -0.641999 -0.303545
-0.0855151 0.949291 -0.302546
-0.578372 -0.757994 -0.301548
0.938801 0.168292 -0.300549
-0.806188 0.510226 -0.299551
0.249887 -0.921099 -0.298552
0.438078 0.848263 -0.297554
-0.89631 -0.329673 -0.296555
0.883888 -0.362476 -0.295557
-0.407034 0.864615 -0.294558
-0.283996 -0.912781 -0.29356
0.826249 0.481374 -0.292561
-0.934711 0.203238 -0.291563
0.552117 -0.781498 -0.290564
0.120818 0.949502 -0.289566
-0.730697 -0.618717 -0.288567
0.957031 -0.0373684 -0.287569
-0.680655 0.67423 -0.28657
0.0464727 -0.95723 -0.285572
0.612522 0.737452 -0.284573
-0.950089 -0.130062 -0.283575
0.788664 -0.54604 -0.282576
-0.212756 0.935654 -0.281578
-0.47529 -0.833891 -0.280579
0.914027 0.293921 -0.279581
-0.872779 0.400809 -0.278582
0.37293 -0.885365 -0.277584
0.323165 0.905022 -0.276585
-0.849879 -0.449174 -0.275587
0.930364 -0.242951 -0.274588
-0.522065 0.807835 -0.27359
-0.160777 -0.948601 -0.272591
0.759546 0.591039 -0.271593
-0.959587 0.0772749 -0.270594
0.655562 -0.705377 -0.269596
-0.00691755 0.963228 -0.268597
-0.645736 -0.715133 -0.267599
0.959487 0.0911544 -0.2666
-0.76929 0.581076 -0.265602
0.174789 -0.948385 -0.264603
0.511886 0.81761 -0.263605
-0.929999 -0.257178 -0.262606
0.859715 -0.438693 -0.261608
-0.337689 0.904461 -0.260609
-0.362054 -0.895276 -0.259611
0.871959 0.4157 -0.258612
-0.924012 0.282554 -0.257614
0.49061 -0.832737 -0.256615
0.2008 0.945695 -0.255617
-0.787086 -0.561841 -0.254618
0.960151 -0.117417 -0.25362
-0.628842 0.735351 -0.252621
-0.033043 -0.967261 -0.251623
0.677922 0.691093 -0.250624
-0.966963 -0.0516747 -0.249626
0.748112 -0.615234 -0.248627
-0.136086 0.95925 -0.247629
-0.547762 -0.799456 -0.24663
0.944175 0.219543 -0.245632
-0.844724 0.47602 -0.244633
0.301404 -0.921845 -0.243635
0.400554 0.883563 -0.242636
-0.892424 -0.381039 -0.241638
0.915668 -0.321939 -0.240639
-0.457835 0.856131 -0.239641
-0.240776 -0.940785 -0.238642
0.813237 0.531198 -0.237644
-0.958715 0.157684 -0.236645
0.600562 -0.764065 -0.235647
0.0733007 0.969313 -0.234648
-0.708986 -0.665392 -0.23365
0.97249 0.0117286 -0.232651
-0.725184 0.648418 -0.231653
0.0967516 -0.968214 -0.230654
0.582819 0.779475 -0.229656
-0.956511 -0.181116 -0.228657
0.827842 -0.512688 -0.227659
-0.264172 0.937464 -0.22666
-0.438559 -0.869909 -0.225662
0.911211 0.345283 -0.224663
-0.905348 0.360998 -0.223665
0.423824 -0.877948 -0.222666
0.280597 0.933878 -0.221667
-0.837924 -0.499189 -0.220669
0.955276 -0.197969 -0.21967
-0.570796 0.791438 -0.218672
-0.113747 -0.969371 -0.217673
0.738842 0.638094 -0.216675
-0.976047 0.0285768 -0.215676
0.700561 -0.680535 -0.214678
-0.0568897 0.975246 -0.213679
-0.616958 -0.757713 -0.212681
0.966968 0.141997 -0.211682
-0.809108 0.548595 -0.210684
0.22609 -0.95127 -0.209685
0.475966 0.854346 -0.208687
-0.928266 -0.308525 -0.207688
0.893073 -0.399625 -0.20669
-0.388665 0.898126 -0.205691
-0.320154 -0.924988 -0.204693
0.861075 0.465895 -0.203694
-0.949839 0.238162 -0.202696
0.539619 -0.817392 -0.201697
0.154274 0.967429 -0.200699
-0.767406 -0.609268 -0.1997
0.977619 -0.0691342 -0.198702
-0.674305 0.711496 -0.197703
0.0166064 -0.980322 -0.196705
0.650085 0.734226 -0.195706
-0.975513 -0.10229 -0.194708
0.788568 -0.583642 -0.193709
-0.187258 0.963222 -0.192711
-0.512671 -0.836908 -0.191712
0.943538 0.270859 -0.190714
-0.878871 0.437714 -0.189715
0.35245 -0.916605 -0.188717
0.359342 0.914131 -0.187718
-0.882625 -0.431403 -0.18672
0.94241 -0.278155 -0.185721
-0.50711 0.841853 -0.184723
-0.194773 -0.963488 -0.183724
0.794597 0.578988 -0.182726
-0.977196 0.109836 -0.181727
0.646482 -0.741214 -0.180729
0.0239919 0.983423 -0.17973
-0.68211 -0.709071 -0.178732
0.982117 0.0620993 -0.177733
-0.76627 0.617733 -0.176735
0.147778 -0.973282 -0.175736
0.548575 0.817638 -0.174738
-0.95698 -0.232385 -0.173739
0.862776 -0.475162 -0.172741
-0.315272 0.933332 -0.171742
-0.398054 -0.901332 -0.170744
0.902512 0.395801 -0.169745
-0.933007 0.317842 -0.168747
0.473353 -0.864753 -0.167748
0.235137 0.957552 -0.16675
-0.82034 -0.547329 -0.165751
0.974774 -0.150573 -0.164753
-0.617161 0.769608 -0.163754
-0.0647981 -0.984536 -0.162756
0.712943 0.682309 -0.161757
-0.986759 -0.0215309 -0.160759
0.742271 -0.650777 -0.15976
-0.107752 0.981419 -0.158762
-0.583581 -0.796583 -0.157763
0.968554 0.193203 -0.156765
-0.844824 0.511869 -0.155766
0.277228 -0.948257 -0.154768
0.436188 0.88662 -0.153769
-0.920679 -0.359182 -0.152771
0.921647 -0.357116 -0.151772
-0.438433 0.886027 -0.150774
-0.275258 -0.949632 -0.149775
0.844562 0.514374 -0.148777
-0.970355 0.191239 -0.147778
0.586417 -0.796599 -0.14678
0.105705 0.983654 -0.145781
-0.742502 -0.65401 -0.144783
0.989421 -0.0193092 -0.143784
-0.716629 0.682682 -0.142786
0.0672851 -0.987608 -0.141787
0.617594 0.773793 -0.140789
-0.978224 -0.153414 -0.13979
0.825059 -0.547736 -0.138792
-0.238416 0.961338 -0.137793
-0.47364 -0.87003 -0.136795
0.937074 0.321638 -0.135796
-0.908358 0.395873 -0.134798
0.402441 -0.905615 -0.133799
0.315029 0.939745 -0.132801
-0.867198 -0.480204 -0.131802
0.963947 -0.231727 -0.130804
-0.554328 0.822114 -0.129805
-0.146605 -0.980773 -0.128807
0.770705 0.624243 -0.127808
-0.990092 0.0603144 -0.12681
0.689409 -0.713363 -0.125811
-0.0264828 0.991827 -0.124813
-0.650524 -0.749326 -0.123814
0.985961 0.113121 -0.122816
-0.803529 0.582668 -0.121817
0.198935 -0.972537 -0.120819
0.510313 0.851601 -0.11982
-0.951652 -0.283267 -0.118822
0.89317 -0.434011 -0.117823
-0.365469 0.923463 -0.116825
-0.354347 -0.927913 -0.115826
0.888184 0.444908 -0.114828
-0.955561 0.27193 -0.113829
0.520975 -0.846082 -0.112831
0.187391 0.975899 -0.111832
-0.797476 -0.593083 -0.110834
0.988766 -0.101378 -0.109835
-0.660679 0.742737 -0.108837
-0.014549 -0.994062 -0.107838
0.682281 0.723241 -0.10684
-0.991742 -0.0724289 -0.105841
0.780288 -0.616571 -0.104843
-0.158889 0.98182 -0.103844
-0.546107 -0.831378 -0.102846
0.96437 0.244168 -0.101847
-0.876119 0.471429 -0.100849
0.32761 -0.939522 -0.0998502
0.393108 0.914163 -0.0988517
-0.907464 -0.408575 -0.0978532
0.945217 -0.311743 -0.0968547
-0.486442 0.868439 -0.0958562
-0.227957 -0.96904 -0.0948577
0.822743 0.56061 -0.0938592
-0.985445 0.142392 -0.0928607
0.630511 -0.770726 -0.0918622
0.0557039 0.994304 -0.0908637
-0.712782 -0.695605 -0.0898652
0.995547 0.0314429 -0.0888667
-0.755392 0.649355 -0.0878682
0.11838 -0.989161 -0.0868697
0.58093 0.809411 -0.0858712
-0.975193 -0.20444 -0.0848727
0.857247 -0.508029 -0.0838742
-0.288963 0.953746 -0.0828757
-0.43121 -0.898529 -0.0818772
0.924984 0.3713 -0.0808787
-0.932939 0.351061 -0.0798802
0.450818 -0.889124 -0.0788817
0.268197 0.960211 -0.0778832
-0.846439 -0.526906 -0.0768847
0.980133 -0.183251 -0.0758862
-0.59898 0.797254 -0.0748877
-0.0968751 -0.99255 -0.0738892
0.741945 0.666486 -0.0728907
-0.997365 0.00973119 -0.0718922
0.728905 -0.680935 -0.0708937
-0.0775124 0.994538 -0.0698952
-0.614689 -0.785755 -0.0688967
0.98409 0.164187 -0.0678982
-0.8366 0.543714 -0.0668997
0.249626 -0.966097 -0.0659011
0.468553 0.881048 -0.0649026
-0.940697 -0.333175 -0.0639041
0.918756 -0.389783 -0.0629056
-0.414193 0.908081 -0.0619071
-0.308006 -0.949433 -0.0609086
0.868499 0.492057 -0.0599101
-0.972842 0.223849 -0.0589116
0.566169 -0.822252 -0.0579131
0.137956 0.988802 -0.0569146
-0.769694 -0.63596 -0.0559161
0.997188 -0.0509869 -0.0549176
-0.700893 0.711226 -0.0539191
0.0363922 -0.997935 -0.0529206
0.647295 0.760469 -0.0519221
-0.991036 -0.123511 -0.0509236
0.81423 -0.578391 -0.0499251
-0.209701 0.976541 -0.0489266
-0.505041 -0.861763 -0.0479281
0.95456 0.294301 -0.0469296
-0.902702 0.427807 -0.0459311
0.376662 -0.92526 -0.0449326
0.347281 0.936731 -0.0439341
-0.888866 -0.456151 -0.0429356
0.963589 -0.26408 -0.0419371
-0.532159 0.845654 -0.0409386
-0.178841 -0.983067 -0.0399401
0.795955 0.604102 -0.0389416
-0.995016 0.0922178 -0.0379431
0.671426 -0.74015 -0.0369446
0.00487512 0.999342 -0.0359461
-0.678665 -0.733616 -0.0349476
0.996011 0.0825175 -0.0339491
-0.790194 0.611971 -0.0329506
0.16929 -0.985048 -0.0319521
0.540579 0.840724 -0.0309536
-0.966536 -0.254776 -0.0299551
0.884818 -0.465036 -0.0289566
-0.33832 0.940616 -0.0279581
-0.385921 -0.922138 -0.0269596
0.907485 0.419281 -0.0259611
-0.952396 0.30384 -0.0249626
0.497038 -0.867398 -0.0239641
0.219423 0.975359 -0.0229656
-0.82066 -0.570994 -0.021967
0.990852 -0.133318 -0.0209685
-0.640581 0.767631 -0.01997
-0.0461831 -0.998753 -0.0189715
0.708715 0.705266 -0.017973
-0.999002 -0.0413119 -0.0169745
0.764551 -0.644365 -0.015976
-0.128496 0.991597 -0.0149775
-0.575073 -0.817982 -0.013979
0.976593 0.214701 -0.0129805
-0.865149 0.501372 -0.011982
0.299266 -0.954107 -0.0109835
0.423825 0.905689 -0.00998502
-0.924308 -0.381541 -0.00898652
0.939291 -0.343028 -0.00798802
-0.460896 0.887427 -0.00698952
-0.2596 -0.965698 -0.00599101
0.843745 0.536721 -0.00499251
-0.984706 0.174181 -0.00399401
0.608436 -0.793597 -0.00299551
0.0874256 0.996169 -0.001997
-0.737369 -0.67549 -0.000998502
1 0 0
-0.737369 0.67549 0.000998502
0.0874256 -0.996169 0.001997
0.608436 0.793597 0.00299551
-0.984706 -0.174181 0.00399401
0.843745 -0.536721 0.00499251
-0.2596 0.965698 0.00599101
-0.460896 -0.887427 0.00698952
0.939291 0.343028 0.00798802
-0.924308 0.381541 0.00898652
0.423825 -0.905689 0.00998502
0.299266 0.954107 0.0109835
-0.865149 -0.501372 0.011982
0.976593 -0.214701 0.0129805
-0.575073 0.817982 0.013979
-0.128496 -0.991597 0.0149775
0.764551 0.644365 0.015976
-0.999002 0.0413119 0.0169745
0.708715 -0.705266 0.017973
-0.0461831 0.998753 0.0189715
-0.640581 -0.767631 0.01997
0.990852 0.133318 0.0209685
-0.82066 0.570994 0.021967
0.219423 -0.975359 0.0229656
0.497038 0.867398 0.0239641
-0.952396 -0.30384 0.0249626
0.907485 -0.419281 0.0259611
-0.385921 0.922138 0.0269596
-0.33832 -0.940616 0.0279581
0.884818 0.465036 0.0289566
-0.966536 0.254776 0.0299551
0.540579 -0.840724 0.0309536
0.16929 0.985048 0.0319521
-0.790194 -0.611971 0.0329506
0.996011 -0.0825175 0.0339491
-0.678665 0.733616 0.0349476
0.00487512 -0.999342 0.0359461
0.671426 0.74015 0.0369446
-0.995016 -0.0922178 0.0379431
0.795955 -0.604102 0.0389416
-0.178841 0.983067 0.0399401
-0.532159 -0.845654 0.0409386
0.963589 0.26408 0.0419371
-0.888866 0.456151 0.0429356
0.347281 -0.936731 0.0439341
0.376662 0.92526 0.0449326
-0.902702 -0.427807 0.0459311
0.95456 -0.294301 0.0469296
-0.505041 0.861763 0.0479281
-0.209701 -0.976541 0.0489266
0.81423 0.578391 0.0499251
-0.991036 0.123511 0.0509236
0.647295 -0.760469 0.0519221
0.0363922 0.997935 0.0529206
-0.700893 -0.711226 0.0539191
0.997188 0.0509869 0.0549176
-0.769694 0.63596 0.0559161
0.137956 -0.988802 0.0569146
0.566169 0.822252 0.0579131
-0.972842 -0.223849 0.0589116
0.868499 -0.492057 0.0599101
-0.308006 0.949433 0.0609086
-0.414193 -0.908081 0.0619071
0.918756 0.389783 0.0629056
-0.940697 0.333175 0.0639041
0.468553 -0.881048 0.0649026
0.249626 0.966097 0.0659011
-0.8366 -0.543714 0.0668997
0.98409 -0.164187 0.0678982
-0.614689 0.785755 0.0688967
-0.0775124 -0.994538 0.0698952
0.728905 0.680935 0.0708937
-0.997365 -0.00973119 0.0718922
0.741945 -0.666486 0.0728907
-0.0968751 0.99255 0.0738892
-0.59898 -0.797254 0.0748877
0.980133 0.183251 0.0758862
-0.846439 0.526906 0.0768847
0.268197 -0.960211 0.0778832
0.450818 0.889124 0.0788817
-0.932939 -0.351061 0.0798802
0.924984 -0.3713 0.0808787
-0.43121 0.898529 0.0818772
-0.288963 -0.953746 0.0828757
0.857247 0.508029 0.0838742
-0.975193 0.20444 0.0848727
0.58093 -0.809411 0.0858712
0.11838 0.989161 0.0868697
-0.755392 -0.649355 0.0878682
0.995547 -0.0314429 0.0888667
-0.712782 0.695605 0.0898652
0.0557039 -0.994304 0.0908637
0.630511 0.770726 0.0918622
-0.985445 -0.142392 0.0928607
0.822743 -0.56061 0.0938592
-0.227957 0.96904 0.0948577
-0.486442 -0.868439 0.0958562
0.945217 0.311743 0.0968547
-0.907464 0.408575 0.0978532
0.393108 -0.914163 0.0988517
0.32761 0.939522 0.0998502
-0.876119 -0.471429 0.100849
0.96437 -0.244168 0.101847
-0.546107 0.831378 0.102846
-0.158889 -0.98182 0.103844
0.780288 0.616571 0.104843
-0.991742 0.0724289 0.105841
0.682281 -0.723241 0.10684
-0.014549 0.994062 0.107838
-0.660679 -0.742737 0.108837
0.988766 0.101378 0.109835
-0.797476 0.593083 0.110834
0.187391 -0.975899 0.111832
0.520975 0.846082 0.112831
-0.955561 -0.27193 0.113829
0.888184 -0.444908 0.114828
-0.354347 0.927913 0.115826
-0.365469 -0.923463 0.116825
0.89317 0.434011 0.117823
-0.951652 0.283267 0.118822
0.510313 -0.851601 0.11982
0.198935 0.972537 0.120819
-0.803529 -0.582668 0.121817
0.985961 -0.113121 0.122816
-0.650524 0.749326 0.123814
-0.0264828 -0.991827 0.124813
0.689409 0.713363 0.125811
-0.990092 -0.0603144 0.12681
0.770705 -0.624243 0.127808
-0.146605 0.980773 0.128807
-0.554328 -0.822114 0.129805
0.963947 0.231727 0.130804
-0.867198 0.480204 0.131802
0.315029 -0.939745 0.132801
0.402441 0.905615 0.133799
-0.908358 -0.395873 0.134798
0.937074 -0.321638 0.135796
-0.47364 0.87003 0.136795
-0.238416 -0.961338 0.137793
0.825059 0.547736 0.138792
-0.978224 0.153414 0.13979
0.617594 -0.773793 0.140789
0.0672851 0.987608 0.141787
-0.716629 -0.682682 0.142786
0.989421 0.0193092 0.143784
-0.742502 0.65401 0.144783
0.105705 -0.983654 0.145781
0.586417 0.796599 0.14678
-0.970355 -0.191239 0.147778
0.844562 -0.514374 0.148777
-0.275258 0.949632 0.149775
-0.438433 -0.886027 0.150774
0.921647 0.357116 0.151772
-0.920679 0.359182 0.152771
0.436188 -0.88662 0.153769
0.277228 0.948257 0.154768
-0.844824 -0.511869 0.155766
0.968554 -0.193203 0.156765
-0.583581 0.796583 0.157763
-0.107752 -0.981419 0.158762
0.742271 0.650777 0.15976
-0.986759 0.0215309 0.160759
0.712943 -0.682309 0.161757
-0.0647981 0.984536 0.162756
-0.617161 -0.769608 0.163754
0.974774 0.150573 0.164753
-0.82034 0.547329 0.165751
0.235137 -0.957552 0.16675
0.473353 0.864753 0.167748
-0.933007 -0.317842 0.168747
0.902512 -0.395801 0.169745
-0.398054 0.901332 0.170744
-0.315272 -0.933332 0.171742
0.862776 0.475162 0.172741
-0.95698 0.232385 0.173739
0.548575 -0.817638 0.174738
0.147778 0.973282 0.175736
-0.76627 -0.617733 0.176735
0.982117 -0.0620993 0.177733
-0.68211 0.709071 0.178732
0.0239919 -0.983423 0.17973
0.646482 0.741214 0.180729
-0.977196 -0.109836 0.181727
0.794597 -0.578988 0.182726
-0.194773 0.963488 0.183724
-0.50711 -0.841853 0.184723
0.94241 0.278155 0.185721
-0.882625 0.431403 0.18672
0.359342 -0.914131 0.187718
0.35245 0.916605 0.188717
-0.878871 -0.437714 0.189715
0.943538 -0.270859 0.190714
-0.512671 0.836908 0.191712
-0.187258 -0.963222 0.192711
0.788568 0.583642 0.193709
-0.975513 0.10229 0.194708
0.650085 -0.734226 0.195706
0.0166064 0.980322 0.196705
-0.674305 -0.711496 0.197703
0.977619 0.0691342 0.198702
-0.767406 0.609268 0.1997
0.154274 -0.967429 0.200699
0.539619 0.817392 0.201697
-0.949839 -0.238162 0.202696
0.861075 -0.465895 0.203694
-0.320154 0.924988 0.204693
-0.388665 -0.898126 0.205691
0.893073 0.399625 0.20669
-0.928266 0.308525 0.207688
0.475966 -0.854346 0.208687
0.22609 0.95127 0.209685
-0.809108 -0.548595 0.210684
0.966968 -0.141997 0.211682
-0.616958 0.757713 0.212681
-0.0568897 -0.975246 0.213679
0.700561 0.680535 0.214678
-0.976047 -0.0285768 0.215676
0.738842 -0.638094 0.216675
-0.113747 0.969371 0.217673
-0.570796 -0.791438 0.218672
0.955276 0.197969 0.21967
-0.837924 0.499189 0.220669
0.280597 -0.933878 0.221667
0.423824 0.877948 0.222666
-0.905348 -0.360998 0.223665
0.911211 -0.345283 0.224663
-0.438559 0.869909 0.225662
-0.264172 -0.937464 0.22666
0.827842 0.512688 0.227659
-0.956511 0.181116 0.228657
0.582819 -0.779475 0.229656
0.0967516 0.968214 0.230654
-0.725184 -0.648418 0.231653
0.97249 -0.0117286 0.232651
-0.708986 0.665392 0.23365
0.0733007 -0.969313 0.234648
0.600562 0.764065 0.235647
-0.958715 -0.157684 0.236645
0.813237 -0.531198 0.237644
-0.240776 0.940785 0.238642
-0.457835 -0.856131 0.239641
0.915668 0.321939 0.240639
-0.892424 0.381039 0.241638
0.400554 -0.883563 0.242636
0.301404 0.921845 0.243635
-0.844724 -0.47602 0.244633
0.944175 -0.219543 0.245632
-0.547762 0.799456 0.24663
-0.136086 -0.95925 0.247629
0.748112 0.615234 0.248627
-0.966963 0.0516747 0.249626
0.677922 -0.691093 0.250624
-0.033043 0.967261 0.251623
-0.628842 -0.735351 0.252621
0.960151 0.117417 0.25362
-0.787086 0.561841 0.254618
0.2008 -0.945695 0.255617
0.49061 0.832737 0.256615
-0.924012 -0.282554 0.257614
0.871959 -0.4157 0.258612
-0.362054 0.895276 0.259611
-0.337689 -0.904461 0.260609
0.859715 0.438693 0.261608
-0.929999 0.257178 0.262606
0.511886 -0.81761 0.263605
0.174789 0.948385 0.264603
-0.76929 -0.581076 0.265602
0.959487 -0.0911544 0.2666
-0.645736 0.715133 0.267599
-0.00691755 -0.963228 0.268597
0.655562 0.705377 0.269596
-0.959587 -0.0772749 0.270594
0.759546 -0.591039 0.271593
-0.160777 0.948601 0.272591
-0.522065 -0.807835 0.27359
0.930364 0.242951 0.274588
-0.849879 0.449174 0.275587
0.323165 -0.905022 0.276585
0.37293 0.885365 0.277584
-0.872779 -0.400809 0.278582
0.914027 -0.293921 0.279581
-0.47529 0.833891 0.280579
-0.212756 -0.935654 0.281578
0.788664 0.54604 0.282576
-0.950089 0.130062 0.283575
0.612522 -0.737452 0.284573
0.0464727 0.95723 0.285572
-0.680655 -0.67423 0.28657
0.957031 0.0373684 0.287569
-0.730697 0.618717 0.288567
0.120818 -0.949502 0.289566
0.552117 0.781498 0.290564
-0.934711 -0.203238 0.291563
0.826249 -0.481374 0.292561
-0.283996 0.912781 0.29356
-0.407034 -0.864615 0.294558
0.883888 0.362476 0.295557
-0.89631 0.329673 0.296555
0.438078 -0.848263 0.297554
0.249887 0.921099 0.298552
-0.806188 -0.510226 0.299551
0.938801 -0.168292 0.300549
-0.578372 0.757994 0.301548
-0.0855151 -0.949291 0.302546
0.704058 0.641999 0.303545
-0.952496 0.00219381 0.304543
0.700624 -0.644803 0.305542
-0.0810327 0.948402 0.30654
-0.580689 -0.753804 0.307539
0.937051 0.163526 0.308537
-0.801139 0.512215 0.309536
0.244655 -0.918538 0.310534
0.439911 0.842274 0.311533
-0.893016 -0.323799 0.312531
0.876902 -0.364338 0.31353
-0.400354 0.860691 0.314528
-0.28608 -0.904766 0.315527
0.821819 0.473736 0.316525
-0.925662 0.20574 0.317524
0.543387 -0.776708 0.318522
0.123938 0.939439 0.319521
-0.725712 -0.608777 0.320519
0.946002 -0.041303 0.321518
-0.669413 0.669231 0.322516
0.0415303 -0.945311 0.323515
0.607706 0.724834 0.324513
-0.937382 -0.123926 0.325512
0.774625 -0.541616 0.32651
-0.205253 0.922285 0.327509
-0.471474 -0.81841 0.328507
0.900147 0.284889 0.329506
-0.855863 0.397825 0.330504
0.362225 -0.871148 0.331503
0.321238 0.886707 0.332501
-0.83552 -0.436673 0.3335
0.910713 -0.242306 0.334498
-0.507665 0.793548 0.335497
-0.161636 -0.927709 0.336495
0.745561 0.574662 0.337494
-0.937575 0.0798509 0.338492
0.637156 -0.691938 0.339491
-0.00242121 0.940245 0.340489
-0.633097 -0.694675 0.341488
0.935711 0.0845483 0.342486
-0.746786 0.569499 0.343485
0.165901 -0.924017 0.344483
0.501639 0.793096 0.345482
-0.905266 -0.245856 0.34648
0.83326 -0.430043 0.347479
-0.323802 0.879611 0.348477
-0.355266 -0.866979 0.349476
0.847261 0.399146 0.350474
-0.894005 0.277888 0.351473
0.471312 -0.808473 0.352471
0.198505 0.914142 0.35347
-0.763557 -0.539753 0.354468
0.927245 -0.11773 0.355467
-0.60395 0.712865 0.356465
-0.0361848 -0.933226 0.357464
0.656797 0.663417 0.358462
-0.93205 -0.0455043 0.359461
0.717706 -0.595791 0.360459
-0.12671 0.923738 0.361458
-0.530324 -0.766409 0.362456
0.908367 0.206811 0.363455
-0.809161 0.460903 0.364453
0.285195 -0.886064 0.365452
0.38807 0.845645 0.36645
-0.857013 -0.361262 0.367449
0.875591 -0.312388 0.368447
-0.434433 0.821448 0.369446
-0.234442 -0.898781 0.370444
0.779654 0.504153 0.371443
-0.915048 0.154835 0.372441
0.569892 -0.73196 0.37344
0.0741788 0.92428 0.374438
-0.678744 -0.631153 0.375437
0.926417 0.00690506 0.376435
-0.687474 0.620422 0.377434
0.0877941 -0.921456 0.378432
0.557452 0.738431 0.379431
-0.909447 -0.167868 0.380429
0.783643 -0.490324 0.381428
-0.246515 0.890495 0.382426
-0.41956 -0.822773 0.383425
0.864757 0.323133 0.384423
-0.855532 0.345711 0.385422
0.397138 -0.832442 0.38642
0.269347 0.88168 0.387419
-0.793812 -0.467968 0.388417
0.901028 -0.19106 0.389416
-0.535085 0.749173 0.390414
-0.111452 -0.913441 0.391413
0.698879 0.597981 0.392411
-0.918836 0.0311386 0.39341
0.656181 -0.643326 0.394408
-0.0492645 0.917184 0.395407
-0.582949 -0.709248 0.396405
0.908511 0.12914 0.397404
-0.756784 0.518222 0.398402
0.207876 -0.892898 0.399401
0.449649 0.798434 0.400399
-0.870476 -0.284871 0.401398
0.83389 -0.377762 0.402396
-0.359537 0.841431 0.403395
-0.30312 -0.862893 0.404393
0.805997 0.431307 0.405392
-0.885231 0.226301 0.40639
0.499634 -0.764461 0.407389
0.147899 0.900747 0.408387
-0.71715 -0.564002 0.409386
0.909335 -0.0685165 0.410384
-0.623925 0.664441 0.411383
0.011234 -0.910942 0.412381
0.606747 0.678951 0.41338
-0.90557 -0.0907404 0.414378
0.728669 -0.544522 0.415377
-0.169393 0.893273 0.416375
-0.478251 -0.772706 0.417374
0.874161 0.246591 0.418372
-0.810737 0.408452 0.419371
0.321743 -0.848393 0.420369
0.335666 0.842483 0.421368
-0.81618 -0.394279 0.422366
0.867712 -0.260459 0.423365
-0.463647 0.777784 0.424363
-0.183411 -0.886243 0.425362
0.73351 0.529321 0.42636
-0.89795 0.105119 0.427359
0.590804 -0.683711 0.428357
0.0261854 0.902756 0.429356
-0.62878 -0.647635 0.430354
0.900638 0.0527832 0.431353
-0.699386 0.56915 0.432351
0.131181 -0.891627 0.43335
0.505287 0.745672 0.434348
-0.875808 -0.208407 0.435347
0.786148 -0.437692 0.436345
-0.283871 0.853316 0.437344
-0.36689 -0.820517 0.438342
0.824337 0.356999 0.439341
-0.848527 0.293432 0.440339
0.427234 -0.789108 0.441338
0.217887 0.869979 0.442336
-0.747914 -0.494044 0.443335
0.884722 -0.140838 0.444333
-0.556923 0.701082 0.445332
-0.062882 -0.892656 0.446331
0.648986 0.615398 0.447329
-0.893737 -0.0153827 0.448328
0.669029 -0.592036 0.449326
-0.0933544 0.887971 0.450325
-0.530679 -0.717417 0.451323
0.875418 0.170435 0.452322
-0.760201 0.465398 0.45332
0.246036 -0.85619 0.454319
0.396701 0.797066 0.455317
-0.830448 -0.319581 0.456316
0.827743 -0.325124 0.457314
-0.390508 0.798406 0.458313
-0.251221 -0.85201 0.459311
0.760325 0.458281 0.46031
-0.869696 0.175567 0.461308
0.522387 -0.716509 0.462307
0.0987449 0.88068 0.463305
-0.667309 -0.582341 0.464304
0.884895 -0.0213475 0.465302
-0.637695 0.613114 0.466301
0.0560301 -0.882322 0.467299
0.554354 0.688033 0.468298
-0.872999 -0.132794 0.469296
0.732982 -0.491488 0.470295
-0.208357 0.857012 0.471293
-0.42501 -0.772209 0.472292
0.834502 0.282141 0.47329
-0.805428 0.355439 0.474289
0.353585 -0.805655 0.475287
0.283315 0.832397 0.476286
-0.770709 -0.422147 0.477284
0.852925 -0.209199 0.478283
-0.487306 0.729947 0.479281
-0.133664 -0.866871 0.48028
0.683696 0.548572 0.481278
-0.874143 0.0572938 0.482277
0.605484 -0.632325 0.483275
-0.0193238 0.874703 0.484274
-0.57624 -0.657616 0.485272
0.868563 0.0956001 0.486271
-0.704579 0.515885 0.487269
0.170951 -0.855787 0.488268
0.451732 0.746027 0.489266
-0.836489 -0.244799 0.490265
0.781656 -0.384285 0.491263
-0.316583 0.810835 0.492262
-0.314069 -0.811206 0.49326
0.779038 0.385756 0.494259
-0.834467 0.24163 0.495257
0.451794 -0.741358 0.496256
0.167531 0.851277 0.497254
-0.6981 -0.5142 0.498253
0.861522 -0.0923436 0.499251
-0.572502 0.649609 0.50025
-0.0166486 -0.865143 0.501248
0.596273 0.626264 0.502247
-0.862129 -0.0589718 0.503245
0.675087 -0.538513 0.504244
-0.133937 0.85252 0.505242
-0.476784 -0.718608 0.506241
0.836409 0.207674 0.507239
-0.756507 0.411572 0.508238
0.27962 -0.813936 0.509236
0.343387 0.788509 0.510235
-0.785291 -0.349227 0.511233
0.814384 -0.272759 0.512232
-0.415967 0.750711 0.51323
-0.200237 -0.833951 0.514229
0.710477 0.479336 0.515227
-0.847076 0.126385 0.516226
0.538857 -0.664916 0.517224
0.0517714 0.853677 0.518223
-0.61439 -0.594083 0.519221
0.853722 0.0230275 0.52022
-0.644603 0.559302 0.521218
0.0974373 -0.847228 0.522217
0.500088 0.690042 0.523215
-0.834265 -0.170888 0.524214
0.730066 -0.437214 0.525212
-0.242818 0.814949 0.526211
-0.371174 -0.764382 0.527209
0.789448 0.312679 0.528208
-0.792745 0.302483 0.529206
0.379942 -0.757976 0.530205
0.231677 0.814953 0.531203
-0.720791 -0.444097 0.532202
0.830855 -0.159306 0.5332
-0.504661 0.678196 0.534199
-0.0859292 -0.840345 0.535197
0.630533 0.561179 0.536196
-0.843372 0.0121142 0.537194
0.61323 -0.578185 0.538193
-0.0615713 0.83993 0.539191
-0.521567 -0.660426 0.54019
0.830065 0.134562 0.541188
-0.702422 0.461126 0.542187
0.206299 -0.813874 0.543185
0.397339 0.738909 0.544184
-0.791499 -0.276236 0.545182
0.769624 -0.330705 0.546181
-0.343841 0.763131 0.547179
-0.261745 -0.794349 0.548178
0.729006 0.408601 0.549176
-0.812913 0.190997 0.550175
0.47003 -0.689406 0.551173
0.119007 0.825193 0.552172
-0.64465 -0.527664 0.55317
0.831114 -0.0463348 0.554169
-0.581074 0.595099 0.555167
0.0264609 -0.83065 0.556166
0.541149 0.629862 0.557164
-0.823826 -0.0988202 0.558163
0.673669 -0.483227 0.559161
-0.170189 0.810714 0.56016
-0.421793 -0.712174 0.561158
0.791435 0.240021 0.562157
-0.745099 0.357329 0.563155
0.307787 -0.766158 0.564154
0.290339 0.772208 0.565152
-0.735096 -0.372971 0.566151
0.793314 -0.221348 0.567149
-0.435082 0.698507 0.568148
-0.150892 -0.808272 0.569146
0.65669 0.493653 0.570145
-0.81699 0.0795158 0.571143
0.548246 -0.609984 0.572142
0.00777222 0.81942 0.57314
-0.558764 -0.598454 0.574139
0.815566 0.0637868 0.575137
-0.643907 0.50344 0.576136
0.134612 -0.805479 0.577134
0.444449 0.684271 0.578133
-0.789256 -0.204162 0.579131
0.719255 -0.382259 0.58013
-0.271906 0.767044 0.581128
-0.317357 -0.748607 0.582127
0.739035 0.337331 0.583125
-0.772122 0.250253 0.584124
0.399941 -0.705464 0.585122
0.181468 0.78964 0.586121
-0.666608 -0.459266 0.587119
0.801047 -0.111539 0.588118
-0.514861 0.622785 0.589116
-0.0410057 -0.806277 0.590115
0.574348 0.566312 0.591113
-0.805312 -0.0295869 0.592112
0.613238 -0.521688 0.59311
-0.0996963 0.798183 0.594109
-0.465224 -0.655297 0.595107
0.784965 0.168785 0.596106
-0.692181 0.405404 0.597104
0.236327 -0.765782 0.598103
0.342699 0.723626 0.599101
-0.740805 -0.301807 0.6001
0.749411 -0.277603 0.601098
-0.364731 0.710247 0.602097
-0.210625 -0.769359 0.603095
0.674363 0.424624 0.604094
-0.783338 0.142286 0.605092
0.481037 -0.633449 0.606091
0.0731171 0.791263 0.607089
-0.587839 -0.533549 0.608088
0.793095 -0.00365337 0.609086
-0.581772 0.537901 0.610085
0.0655702 -0.788846 0.611083
0.484036 0.625352 0.612082
-0.778569 -0.134022 0.61308
0.663971 -0.426673 0.614079
-0.20118 0.762369 0.615077
-0.366267 -0.697352 0.616076
0.740392 0.266531 0.617074
-0.725258 0.303293 0.618073
0.329581 -0.71283 0.619071
0.238248 0.747497 0.62007
-0.679918 -0.389854 0.621068
0.76392 -0.171638 0.622067
-0.446897 0.641929 0.623065
-0.103983 -0.774423 0.624064
0.599177 0.500284 0.625062
-0.778952 0.0358071 0.626061
0.549621 -0.552008 0.627059
-0.0323635 0.777493 0.628058
-0.500805 -0.594543 0.629056
0.770084 0.100004 0.630055
-0.634725 0.445978 0.631053
0.166597 -0.756806 0.632052
0.387963 0.669875 0.63305
-0.737785 -0.231635 0.634049
0.699744 -0.327219 0.635047
-0.294622 0.713192 0.636046
-0.264227 -0.724126 0.637044
0.683239 0.355085 0.638043
-0.742856 0.199478 0.639041
0.412567 -0.64818 0.64004
0.133481 0.755813 0.641038
-0.608306 -0.466639 0.642037
0.762922 -0.0667464 0.643035
-0.516901 0.563944 0.644034
0.000207742 -0.764155 0.645032
0.515456 0.562982 0.646031
-0.759527 -0.0668655 0.647029
0.604545 -0.463233 0.648028
-0.132715 0.7491 0.649026
-0.407692 -0.641291 0.650025
0.73298 0.197254 0.651023
-0.672958 0.349277 0.652022
0.25999 -0.711315 0.65302
0.288449 0.699326 0.654019
-0.684298 -0.32045 0.655017
0.720214 -0.225688 0.656016
-0.378177 0.652161 0.657014
-0.161485 -0.735487 0.658013
0.615174 0.432741 0.659011
-0.745054 0.096342 0.66001
0.483735 -0.573645 0.661008
0.030764 0.748866 0.662007
-0.527913 -0.530784 0.663005
0.746921 0.0347417 0.664004
-0.573543 0.478352 0.665002
0.0996713 -0.739262 0.666001
0.42536 0.611703 0.667
-0.725973 -0.163527 0.667998
0.644993 -0.369362 0.668997
-0.225823 0.707185 0.669995
-0.310803 -0.673178 0.670994
0.683068 0.286086 0.671992
-0.696068 0.250147 0.672991
0.343863 -0.653833 0.673989
0.187871 0.71351 0.674988
-0.61973 -0.39872 0.675986
0.725397 -0.124463 0.676985
-0.450248 0.581047 0.677983
-0.0604167 -0.731665 0.678982
0.538103 0.498068 0.67998
-0.732294 -0.00377146 0.680979
0.541829 -0.491252 0.681977
-0.067606 0.727306 0.682976
-0.440873 -0.581215 0.683974
0.716769 0.130597 0.684973
-0.615944 0.387372 0.685971
0.192263 -0.700791 0.68697
0.331178 0.645772 0.687968
-0.679524 -0.252135 0.688967
0.670494 -0.272737 0.689965
-0.309762 0.653159 0.690964
-0.212513 -0.689947 0.691962
0.621926 0.36471 0.692961
-0.704008 0.150977 0.693959
0.416571 -0.586091 0.694958
0.0886127 0.712596 0.695956
-0.545954 -0.464961 0.696955
0.715675 -0.025904 0.697953
-0.509524 0.501848 0.698952
0.0366634 -0.71325 0.69995
0.454135 0.549939 0.700949
-0.70537 -0.0986077 0.701947
0.585915 -0.403202 0.702946
-0.159454 0.692125 0.703944
-0.349459 -0.617199 0.704943
0.673647 0.21874 0.705941
-0.643576 0.293336 0.70694
0.276017 -0.650106 0.707938
0.23528 0.66487 0.708937
-0.621714 -0.330853 0.709935
0.680945 -0.175749 0.710934
-0.382839 0.588716 0.711932
-0.115212 -0.691705 0.712931
0.551393 0.431591 0.713929
-0.697099 0.0541399 0.714928
0.47675 -0.510058 0.715926
-0.00699122 0.697116 0.716925
-0.465053 -0.517989 0.717923
0.691785 0.0677097 0.718922
-0.555011 0.416746 0.71992
0.127549 -0.681181 0.720919
0.365531 0.587557 0.721917
-0.665415 -0.186052 0.722916
0.6154 -0.311819 0.723914
-0.242776 0.644641 0.724913
-0.256041 -0.638354 0.725911
0.619048 0.297292 0.72691
-0.656271 0.19864 0.727908
0.349193 -0.588863 0.728907
0.140069 0.669044 0.729905
-0.554347 -0.398094 0.730904
0.676604 -0.0807873 0.731902
-0.443635 0.515795 0.732901
-0.0212581 -0.678926 0.733899
0.473528 0.485486 0.734898
-0.676024 -0.0380572 0.735896
0.523345 -0.427898 0.736895
-0.0967015 0.667954 0.737893
-0.379276 -0.556946 0.738892
0.654811 0.154226 0.73989
-0.586055 0.32806 0.740889
0.210192 -0.636728 0.741887
0.274661 0.610477 0.742886
-0.613878 -0.264177 0.743884
0.630053 -0.219507 0.744883
-0.315778 0.586469 0.745881
-0.163035 -0.644663 0.74688
0.554742 0.364609 0.747878
-0.654227 0.105692 0.748877
0.410312 -0.518971 0.749875
0.0479265 0.658705 0.750874
-0.479461 -0.452554 0.751872
0.658095 0.00981079 0.752871
-0.491031 0.436543 0.753869
0.0670734 -0.652438 0.754868
0.390571 0.525471 0.755866
-0.641812 -0.123421 0.756865
0.555636 -0.341924 0.757863
-0.178424 0.626334 0.758862
-0.290996 -0.58132 0.75986
0.606156 0.231665 0.760859
-0.602358 0.238199 0.761857
0.282744 -0.581469 0.762856
0.183954 0.618618 0.763854
-0.552497 -0.331282 0.764853
0.630008 -0.128692 0.765851
-0.376919 0.519494 0.76685
-0.0728487 -0.636476 0.767848
0.482745 0.419323 0.768847
-0.638008 0.0168619 0.769845
0.458189 -0.442563 0.770844
-0.0388334 0.634627 0.771842
-0.399286 -0.493242 0.772841
0.626397 0.0938072 0.773839
-0.524238 0.353272 0.774838
0.147638 -0.613417 0.775836
0.304898 0.550967 0.776835
-0.595826 -0.199918 0.777833
0.573255 -0.254559 0.778832
-0.250252 0.573793 0.77983
-0.20266 -0.590961 0.780829
0.547526 0.298264 0.781827
-0.603986 0.149617 0.782826
0.343599 -0.517261 0.783824
0.09585 0.612263 0.784823
-0.483265 -0.385928 0.785821
0.615767 -0.0417837 0.78682
-0.424943 0.445832 0.787818
0.0121597 -0.614508 0.788817
0.40528 0.460369 0.789815
-0.608535 -0.0655615 0.790814
0.49196 -0.361951 0.791812
-0.118011 0.597934 0.792811
-0.316204 -0.519501 0.793809
0.582824 0.169107 0.794808
-0.542812 0.268417 0.795806
0.218465 -0.563361 0.796805
0.218977 0.561747 0.797803
-0.539733 -0.265713 0.798802
0.576194 -0.168284 0.7998
-0.310503 0.512161 0.800799
-0.116743 -0.586082 0.801797
0.480893 0.352506 0.802796
-0.591371 0.0647651 0.803794
0.391419 -0.446205 0.804793
0.0127577 0.592062 0.805791
-0.408399 -0.426967 0.80679
0.58819 0.0388728 0.807788
-0.458901 0.367795 0.808787
0.0897269 -0.579825 0.809785
0.324738 0.487006 0.810784
-0.567074 -0.139415 0.811782
0.511096 -0.279586 0.812781
-0.187558 0.550077 0.813779
-0.23271 -0.531021 0.814778
0.529007 0.233797 0.815776
-0.546664 0.184493 0.816775
0.277786 -0.504065 0.817773
0.135326 0.557942 0.818772
-0.475485 -0.319203 0.81977
0.564811 -0.0856006 0.820769
-0.357749 0.443525 0.821767
-0.0357129 -0.567257 0.822766
0.408467 0.39315 0.823764
-0.565307 -0.0139452 0.824763
0.42516 -0.370618 0.825761
-0.0629868 0.559018 0.82676
-0.330301 -0.453561 0.827758
0.548483 0.111034 0.828757
-0.478167 0.287858 0.829755
0.157719 -0.533828 0.830754
0.243644 0.498824 0.831752
-0.515211 -0.20269 0.832751
0.515411 -0.198023 0.833749
-0.245611 0.492819 0.834748
-0.151371 -0.52784 0.835746
0.466868 0.286168 0.836745
-0.536057 0.104063 0.837743
0.324065 -0.4376 0.838742
0.056479 0.540043 0.83974
-0.405281 -0.359034 0.840739
0.539812 -0.00899748 0.841737
-0.39083 0.3702 0.842736
0.0380091 -0.535413 0.843734
0.332662 0.41924 0.844733
-0.526928 -0.0841752 0.845731
0.444076 -0.292993 0.84673
-0.129146 0.514468 0.847728
-0.25153 -0.465183 0.848727
0.498179 0.17258 0.849725
-0.482438 0.20862 0.850724
0.214152 -0.478234 0.851722
0.164621 0.495749 0.852721
-0.454833 -0.253555 0.853719
0.505057 -0.119893 0.854718
-0.290502 0.428203 0.855716
-0.0748 -0.510338 0.856715
0.398595 0.324731 0.857713
-0.511597 0.0297038 0.858712
0.356002 -0.366279 0.85971
-0.0150374 0.508875 0.860709
-0.331547 -0.384106 0.861707
0.502244 0.0590724 0.862706
-0.408857 0.294704 0.863704
0.10206 -0.491805 0.864703
0.256073 0.430102 0.865701
-0.477692 -0.143671 0.8667
0.447717 -0.215983 0.867698
-0.183591 0.460065 0.868697
-0.174773 -0.46161 0.869695
0.439111 0.221525 0.870694
-0.471719 0.13279 0.871692
0.257195 -0.415043 0.872691
0.0903777 0.478015 0.873689
-0.388097 -0.290347 0.874688
0.4805 -0.0478835 0.875686
-0.320751 0.358528 0.876685
-0.00564914 -0.479207 0.877683
0.326611 0.3482 0.878682
-0.474201 -0.0359894 0.87968
0.372516 -0.292637 0.880679
-0.0767055 0.465576 0.881677
-0.256909 -0.393549 0.882676
0.453454 0.116184 0.883674
-0.411177 0.219743 0.884673
0.154125 -0.437986 0.885671
0.181459 0.425311 0.88667
-0.419347 -0.190244 0.887668
0.435887 -0.142386 0.888667
-0.224276 0.397738 0.889666
-0.102852 -0.442876 0.890664
0.373381 0.255978 0.891663
-0.446277 0.0631884 0.892661
0.285128 -0.346518 0.89366
0.0237192 0.446122 0.894658
-0.317409 -0.311529 0.895657
0.442468 0.0152357 0.896655
-0.335012 0.286331 0.897654
0.0533656 -0.435404 0.898652
0.25357 0.355431 0.899651
-0.425046 -0.090371 0.900649
0.372672 -0.219425 0.901648
-0.125966 0.411537 0.902646
-0.184202 -0.386647 0.903645
0.395043 0.159882 0.904643
-0.397299 0.148212 0.905642
0.191867 -0.375754 0.90664
0.111768 0.404599 0.907639
-0.353881 -0.221691 0.908637
0.408547 -0.0751811 0.909636
-0.249143 0.329656 0.910634
-0.0387607 -0.409174 0.911633
0.303326 0.27404 0.912631
-0.406538 0.00280908 0.91363
0.296221 -0.275152 0.914628
-0.0323797 0.400724 0.915627
-0.245408 -0.315552 0.916625
0.391844 0.0665228 0.917624
-0.331926 0.21438 0.918622
0.0993511 -0.380036 0.919621
0.182357 0.345263 0.920619
-0.365461 -0.130611 0.921618
0.355513 -0.149634 0.922616
-0.160067 0.348303 0.923615
-0.116508 -0.362652 0.924613
0.328764 0.187503 0.925612
-0.366686 0.0832752 0.92661
0.212725 -0.307067 0.927609
0.0502273 0.367649 0.928607
-0.28345 -0.235562 0.929606
0.365602 -0.01765 0.930604
-0.255867 0.258165 0.931603
0.0141794 -0.36063 0.932601
0.231473 0.273518 0.9336
-0.352848 -0.0449953 0.934598
0.288421 -0.203648 0.935597
-0.0745452 0.342392 0.936595
-0.174967 -0.300508 0.937594
0.329423 0.102593 0.938592
-0.309738 0.145712 0.939591
0.128918 -0.314121 0.940589
0.116167 0.316098 0.941588
-0.296687 -0.153324 0.942586
0.319603 -0.0866126 0.943585
-0.17563 0.277339 0.944583
-0.0573269 -0.320295 0.945582
0.256309 0.195682 0.94658
-0.318242 0.028581 0.947579
0.213349 -0.233845 0.948577
0.000636909 0.313537 0.949576
-0.210203 -0.228525 0.950574
0.306301 0.0262546 0.951573
-0.241129 0.185648 0.952571
0.0518563 -0.296675 0.95357
0.160451 0.251108 0.954568
-0.284824 -0.0759465 0.955567
0.258434 -0.134888 0.956565
-0.0983211 0.270933 0.957564
-0.109234 -0.263109 0.958562
0.255208 0.118795 0.959561
-0.26516 0.0837624 0.960559
0.137205 -0.237869 0.961558
0.0587443 0.264641 0.962556
-0.219153 -0.153409 0.963555
0.261631 -0.034444 0.964553
-0.167288 0.199311 0.965552
-0.0111176 -0.256237 0.96655
0.178602 0.178748 0.967549
-0.248587 -0.0109889 0.968547
0.187719 -0.157298 0.969546
-0.0316413 0.238836 0.970544
-0.135676 -0.194157 0.971543
0.227159 0.0506187 0.972541
-0.198042 0.114017 0.97354
0.0677147 -0.213752 0.974538
0.0926096 0.199378 0.975537
-0.19883 -0.0827376 0.976535
0.198194 -0.0717414 0.977534
-0.0955105 0.182627 0.978532
-0.0517034 -0.194541 0.979531
0.16539 0.10587 0.980529
-0.18849 0.032788 0.981528
0.113665 -0.147385 0.982526
0.0152915 0.180126 0.983525
-0.128889 -0.11875 0.984523
0.169549 0.000482695 0.985522
-0.120977 0.110193 0.98652
0.0142163 -0.156859 0.987519
0.0915983 0.120181 0.988517
-0.142145 -0.025561 0.989516
0.11615 -0.0734215 0.990514
-0.0341084 0.125456 0.991513
-0.0559925 -0.108565 0.992511
0.106734 0.0393237 0.99351
-0.0968538 0.0396575 0.994508
0.0403783 -0.08565 0.995507
0.0247722 0.0797724 0.996505
-0.0609946 -0.03558 0.997504
0.0534679 -0.0115953 0.998502
-0.0182448 0.025795 0.999501
