-0.0873 0.0469751 -0.995074
0.0563962 -0.161733 -0.985222
0.0871375 0.202636 -0.975369
-0.237388 -0.106881 -0.965517
0.27964 -0.0922282 -0.955665
-0.158684 0.283297 -0.945813
-0.0806283 -0.342749 -0.935961
0.311762 0.212432 -0.926108
-0.396475 0.0572888 -0.916256
0.267466 -0.326946 -0.906404
0.0247759 0.442246 -0.896552
-0.330891 -0.322917 -0.8867
0.480529 0.0151768 -0.876847
-0.377886 0.324841 -0.866995
0.0612063 -0.511429 -0.857143
0.309693 0.431496 -0.847291
-0.534904 -0.112138 -0.837438
0.482907 -0.286185 -0.827586
-0.1669 0.550868 -0.817734
-0.254987 -0.531327 -0.807882
0.559244 0.224487 -0.79803
-0.576016 0.216753 -0.788177
0.283936 -0.559992 -0.778325
0.172137 0.616294 -0.768473
-0.55312 -0.344316 -0.758621
0.651542 -0.121816 -0.748768
-0.404728 0.5387 -0.738916
-0.0664875 -0.681209 -0.729064
0.516872 0.464304 -0.719212
-0.704813 0.00687679 -0.70936
0.522208 -0.487841 -0.699507
-0.0562673 0.721949 -0.689655
-0.451883 -0.577641 -0.679803
0.732284 0.122175 -0.669951
-0.629848 0.409343 -0.660099
0.19006 -0.735566 -0.650246
0.360631 0.678115 -0.640394
-0.731622 -0.259126 -0.630542
0.721786 -0.306218 -0.62069
-0.32857 0.720361 -0.610837
-0.246635 -0.760255 -0.600985
0.701769 0.397595 -0.591133
-0.792982 0.182463 -0.581281
0.465409 -0.675917 -0.571429
0.114334 0.819488 -0.561576
-0.642951 -0.531238 -0.551724
0.839365 -0.0429173 -0.541872
-0.594333 0.603095 -0.53202
0.0310803 -0.852276 -0.522167
0.556646 0.653971 -0.512315
-0.857961 -0.106926 -0.502463
0.709469 -0.503973 -0.492611
-0.183867 0.856234 -0.482759
-0.44551 -0.760184 -0.472906
0.846988 0.261136 -0.463054
-0.805526 0.381754 -0.453202
0.337962 -0.830194 -0.44335
0.313257 0.844956 -0.433498
-0.805903 -0.413576 -0.423645
0.877996 -0.240622 -0.413793
-0.48722 0.774241 -0.403941
-0.164499 -0.904231 -0.394089
0.735411 0.558151 -0.384236
-0.923317 0.0855728 -0.374384
0.625653 -0.689691 -0.364532
0.00456113 0.934977 -0.35468
-0.637429 -0.689042 -0.344828
0.93901 0.077795 -0.334975
-0.74767 0.579038 -0.325123
0.160738 -0.93529 -0.315271
0.514996 0.800936 -0.305419
-0.923768 -0.243502 -0.295567
0.84829 -0.445838 -0.285714
-0.325319 0.904471 -0.275862
-0.372151 -0.889237 -0.26601
0.877503 0.405429 -0.256158
-0.923342 0.294571 -0.246305
0.483082 -0.843043 -0.236453
0.213772 0.950239 -0.226601
-0.801344 -0.557555 -0.216749
0.969625 -0.130462 -0.206897
-0.628148 0.752731 -0.197044
-0.0453749 -0.981275 -0.187192
0.697594 0.694199 -0.17734
-0.985032 -0.0407342 -0.167488
0.755089 -0.63639 -0.157635
-0.1271 0.980819 -0.147783
-0.569632 -0.810243 -0.137931
0.968632 0.212951 -0.128079
-0.859143 0.497891 -0.118227
0.297521 -0.948544 -0.108374
0.421784 0.901328 -0.0985222
-0.920705 -0.380053 -0.08867
0.936399 -0.341971 -0.0788177
-0.45981 0.885335 -0.0689655
-0.25915 -0.964026 -0.0591133
0.842731 0.536076 -0.0492611
-0.983949 0.174047 -0.0394089
0.608173 -0.793254 -0.0295567
0.0874088 0.995978 -0.0197044
-0.737333 -0.675458 -0.00985222
1 0 0
-0.737333 0.675458 0.00985222
0.0874088 -0.995978 0.0197044
0.608173 0.793254 0.0295567
-0.983949 -0.174047 0.0394089
0.842731 -0.536076 0.0492611
-0.25915 0.964026 0.0591133
-0.45981 -0.885335 0.0689655
0.936399 0.341971 0.0788177
-0.920705 0.380053 0.08867
0.421784 -0.901328 0.0985222
0.297521 0.948544 0.108374
-0.859143 -0.497891 0.118227
0.968632 -0.212951 0.128079
-0.569632 0.810243 0.137931
-0.1271 -0.980819 0.147783
0.755089 0.63639 0.157635
-0.985032 0.0407342 0.167488
0.697594 -0.694199 0.17734
-0.0453749 0.981275 0.187192
-0.628148 -0.752731 0.197044
0.969625 0.130462 0.206897
-0.801344 0.557555 0.216749
0.213772 -0.950239 0.226601
0.483082 0.843043 0.236453
-0.923342 -0.294571 0.246305
0.877503 -0.405429 0.256158
-0.372151 0.889237 0.26601
-0.325319 -0.904471 0.275862
0.84829 0.445838 0.285714
-0.923768 0.243502 0.295567
0.514996 -0.800936 0.305419
0.160738 0.93529 0.315271
-0.74767 -0.579038 0.325123
0.93901 -0.077795 0.334975
-0.637429 0.689042 0.344828
0.00456113 -0.934977 0.35468
0.625653 0.689691 0.364532
-0.923317 -0.0855728 0.374384
0.735411 -0.558151 0.384236
-0.164499 0.904231 0.394089
-0.48722 -0.774241 0.403941
0.877996 0.240622 0.413793
-0.805903 0.413576 0.423645
0.313257 -0.844956 0.433498
0.337962 0.830194 0.44335
-0.805526 -0.381754 0.453202
0.846988 -0.261136 0.463054
-0.44551 0.760184 0.472906
-0.183867 -0.856234 0.482759
0.709469 0.503973 0.492611
-0.857961 0.106926 0.502463
0.556646 -0.653971 0.512315
0.0310803 0.852276 0.522167
-0.594333 -0.603095 0.53202
0.839365 0.0429173 0.541872
-0.642951 0.531238 0.551724
0.114334 -0.819488 0.561576
0.465409 0.675917 0.571429
-0.792982 -0.182463 0.581281
0.701769 -0.397595 0.591133
-0.246635 0.760255 0.600985
-0.32857 -0.720361 0.610837
0.721786 0.306218 0.62069
-0.731622 0.259126 0.630542
0.360631 -0.678115 0.640394
0.19006 0.735566 0.650246
-0.629848 -0.409343 0.660099
0.732284 -0.122175 0.669951
-0.451883 0.577641 0.679803
-0.0562673 -0.721949 0.689655
0.522208 0.487841 0.699507
-0.704813 -0.00687679 0.70936
0.516872 -0.464304 0.719212
-0.0664875 0.681209 0.729064
-0.404728 -0.5387 0.738916
0.651542 0.121816 0.748768
-0.55312 0.344316 0.758621
0.172137 -0.616294 0.768473
0.283936 0.559992 0.778325
-0.576016 -0.216753 0.788177
0.559244 -0.224487 0.79803
-0.254987 0.531327 0.807882
-0.1669 -0.550868 0.817734
0.482907 0.286185 0.827586
-0.534904 0.112138 0.837438
0.309693 -0.431496 0.847291
0.0612063 0.511429 0.857143
-0.377886 -0.324841 0.866995
0.480529 -0.0151768 0.876847
-0.330891 0.322917 0.8867
0.0247759 -0.442246 0.896552
0.267466 0.326946 0.906404
-0.396475 -0.0572888 0.916256
0.311762 -0.212432 0.926108
-0.0806283 0.342749 0.935961
-0.158684 -0.283297 0.945813
0.27964 0.0922282 0.955665
-0.237388 0.106881 0.965517
0.0871375 -0.202636 0.975369
0.0563962 0.161733 0.985222
-0.0873 -0.0469751 0.995074
