0.0661069 0.0700755 -0.995349
-0.166028 -0.0121254 -0.986047
0.168227 -0.13293 -0.976744
-0.0404323 0.249843 -0.967442
-0.157185 -0.239294 -0.95814
0.306107 0.0775027 -0.948837
-0.301567 0.16227 -0.939535
0.120827 -0.346509 -0.930233
0.153959 0.358028 -0.92093
-0.374781 -0.168741 -0.911628
0.409365 -0.135013 -0.902326
-0.219917 0.392615 -0.893023
-0.10717 -0.455579 -0.883721
0.400942 0.273199 -0.874419
-0.496416 0.0717297 -0.865116
0.327538 -0.400377 -0.855814
0.0297783 0.531537 -0.846512
-0.391392 -0.38196 -0.837209
0.560586 0.0177053 -0.827907
-0.43555 0.37441 -0.818605
0.0697993 -0.58323 -0.809302
0.34985 0.487447 -0.8
-0.599182 -0.125613 -0.790698
0.536845 -0.318149 -0.781395
-0.184273 0.608207 -0.772093
-0.279779 -0.582987 -0.762791
0.61014 0.244917 -0.753488
-0.625175 0.235251 -0.744186
0.306697 -0.604882 -0.734884
0.185118 0.662769 -0.725581
-0.59241 -0.368774 -0.716279
0.695191 -0.129977 -0.706977
-0.430327 0.572773 -0.697674
-0.0704617 -0.721927 -0.688372
0.546095 0.490555 -0.67907
-0.742536 0.00724485 -0.669767
0.548684 -0.512574 -0.660465
-0.0589714 0.756644 -0.651163
-0.472479 -0.603969 -0.64186
0.763953 0.127459 -0.632558
-0.655705 0.426149 -0.623256
0.19747 -0.764243 -0.613953
0.373987 0.703229 -0.604651
-0.757367 -0.268244 -0.595349
0.745924 -0.316459 -0.586047
-0.339015 0.74326 -0.576744
-0.254088 -0.78323 -0.567442
0.721931 0.409017 -0.55814
-0.814642 0.187447 -0.548837
0.477495 -0.69347 -0.539535
0.117156 0.839719 -0.530233
-0.65804 -0.543705 -0.52093
0.858086 -0.0438745 -0.511628
-0.60693 0.615878 -0.502326
0.0317062 -0.869438 -0.493023
0.567292 0.666478 -0.483721
-0.873542 -0.108868 -0.474419
0.721697 -0.51266 -0.465116
-0.186873 0.870237 -0.455814
-0.45242 -0.771974 -0.446512
0.85944 0.264974 -0.437209
-0.816745 0.387071 -0.427907
0.342418 -0.841142 -0.418605
0.317165 0.855499 -0.409302
-0.815411 -0.418455 -0.4
0.887783 -0.243304 -0.390698
-0.492347 0.782389 -0.381395
-0.166132 -0.913207 -0.372093
0.74229 0.563372 -0.362791
-0.931447 0.0863263 -0.353488
0.630834 -0.695402 -0.344186
0.0045966 0.942248 -0.334884
-0.642079 -0.694069 -0.325581
0.945427 0.0783267 -0.316279
-0.75245 0.582739 -0.306977
0.161698 -0.940874 -0.297674
0.517862 0.805395 -0.288372
-0.928553 -0.244764 -0.27907
0.852371 -0.447983 -0.269767
-0.32677 0.908504 -0.260465
-0.373686 -0.892903 -0.251163
0.88084 0.40697 -0.24186
-0.926572 0.295602 -0.232558
0.484632 -0.845747 -0.223256
0.214399 0.953025 -0.213953
-0.803485 -0.559044 -0.204651
0.971975 -0.130778 -0.195349
-0.629523 0.754379 -0.186047
-0.0454642 -0.983206 -0.176744
0.698822 0.695421 -0.167442
-0.986574 -0.0407979 -0.15814
0.756132 -0.637269 -0.148837
-0.127253 0.982006 -0.139535
-0.570231 -0.811095 -0.130233
0.969508 0.213144 -0.12093
-0.859804 0.498274 -0.111628
0.297713 -0.949156 -0.102326
0.422008 0.901807 -0.0930233
-0.9211 -0.380217 -0.0837209
0.936717 -0.342087 -0.0744186
-0.459929 0.885565 -0.0651163
-0.2592 -0.96421 -0.055814
0.842842 0.536147 -0.0465116
-0.984032 0.174061 -0.0372093
0.608202 -0.793292 -0.027907
0.0874106 0.995999 -0.0186047
-0.737337 -0.675461 -0.00930233
1 0 0
-0.737337 0.675461 0.00930233
0.0874106 -0.995999 0.0186047
0.608202 0.793292 0.027907
-0.984032 -0.174061 0.0372093
0.842842 -0.536147 0.0465116
-0.2592 0.96421 0.055814
-0.459929 -0.885565 0.0651163
0.936717 0.342087 0.0744186
-0.9211 0.380217 0.0837209
0.422008 -0.901807 0.0930233
0.297713 0.949156 0.102326
-0.859804 -0.498274 0.111628
0.969508 -0.213144 0.12093
-0.570231 0.811095 0.130233
-0.127253 -0.982006 0.139535
0.756132 0.637269 0.148837
-0.986574 0.0407979 0.15814
0.698822 -0.695421 0.167442
-0.0454642 0.983206 0.176744
-0.629523 -0.754379 0.186047
0.971975 0.130778 0.195349
-0.803485 0.559044 0.204651
0.214399 -0.953025 0.213953
0.484632 0.845747 0.223256
-0.926572 -0.295602 0.232558
0.88084 -0.40697 0.24186
-0.373686 0.892903 0.251163
-0.32677 -0.908504 0.260465
0.852371 0.447983 0.269767
-0.928553 0.244764 0.27907
0.517862 -0.805395 0.288372
0.161698 0.940874 0.297674
-0.75245 -0.582739 0.306977
0.945427 -0.0783267 0.316279
-0.642079 0.694069 0.325581
0.0045966 -0.942248 0.334884
0.630834 0.695402 0.344186
-0.931447 -0.0863263 0.353488
0.74229 -0.563372 0.362791
-0.166132 0.913207 0.372093
-0.492347 -0.782389 0.381395
0.887783 0.243304 0.390698
-0.815411 0.418455 0.4
0.317165 -0.855499 0.409302
0.342418 0.841142 0.418605
-0.816745 -0.387071 0.427907
0.85944 -0.264974 0.437209
-0.45242 0.771974 0.446512
-0.186873 -0.870237 0.455814
0.721697 0.51266 0.465116
-0.873542 0.108868 0.474419
0.567292 -0.666478 0.483721
0.0317062 0.869438 0.493023
-0.60693 -0.615878 0.502326
0.858086 0.0438745 0.511628
-0.65804 0.543705 0.52093
0.117156 -0.839719 0.530233
0.477495 0.69347 0.539535
-0.814642 -0.187447 0.548837
0.721931 -0.409017 0.55814
-0.254088 0.78323 0.567442
-0.339015 -0.74326 0.576744
0.745924 0.316459 0.586047
-0.757367 0.268244 0.595349
0.373987 -0.703229 0.604651
0.19747 0.764243 0.613953
-0.655705 -0.426149 0.623256
0.763953 -0.127459 0.632558
-0.472479 0.603969 0.64186
-0.0589714 -0.756644 0.651163
0.548684 0.512574 0.660465
-0.742536 -0.00724485 0.669767
0.546095 -0.490555 0.67907
-0.0704617 0.721927 0.688372
-0.430327 -0.572773 0.697674
0.695191 0.129977 0.706977
-0.59241 0.368774 0.716279
0.185118 -0.662769 0.725581
0.306697 0.604882 0.734884
-0.625175 -0.235251 0.744186
0.61014 -0.244917 0.753488
-0.279779 0.582987 0.762791
-0.184273 -0.608207 0.772093
0.536845 0.318149 0.781395
-0.599182 0.125613 0.790698
0.34985 -0.487447 0.8
0.0697993 0.58323 0.809302
-0.43555 -0.37441 0.818605
0.560586 -0.0177053 0.827907
-0.391392 0.38196 0.837209
0.0297783 -0.531537 0.846512
0.327538 0.400377 0.855814
-0.496416 -0.0717297 0.865116
0.400942 -0.273199 0.874419
-0.10717 0.455579 0.883721
-0.219917 -0.392615 0.893023
0.409365 0.135013 0.902326
-0.374781 0.168741 0.911628
0.153959 -0.358028 0.92093
0.120827 0.346509 0.930233
-0.301567 -0.16227 0.939535
0.306107 -0.0775027 0.948837
-0.157185 0.239294 0.95814
-0.0404323 -0.249843 0.967442
0.168227 0.13293 0.976744
-0.166028 0.0121254 0.986047
0.0661069 -0.0700755 0.995349
