0.0872894 -0.278293 -0.956522
0.209303 0.447268 -0.869565
-0.575418 -0.237524 -0.782609
0.674788 -0.246432 -0.695652
-0.365685 0.704105 -0.608696
-0.22147 -0.823856 -0.521739
0.759832 0.483343 -0.434783
-0.923227 0.163306 -0.347826
0.587371 -0.766122 -0.26087
0.0860934 0.98099 -0.173913
-0.734576 -0.672932 -0.0869565
1 0 0
-0.734576 0.672932 0.0869565
0.0860934 -0.98099 0.173913
0.587371 0.766122 0.26087
-0.923227 -0.163306 0.347826
0.759832 -0.483343 0.434783
-0.22147 0.823856 0.521739
-0.365685 -0.704105 0.608696
0.674788 0.246432 0.695652
-0.575418 0.237524 0.782609
0.209303 -0.447268 0.869565
0.0872894 0.278293 0.956522
