-0.0360024 0.0727571 -0.9967
-0.0390789 -0.134821 -0.990099
0.154515 0.0941063 -0.983498
-0.209674 0.041323 -0.976898
0.143417 -0.194821 -0.970297
0.028528 0.265472 -0.963696
-0.217447 -0.191532 -0.957096
0.310681 -0.00606314 -0.950495
-0.239115 0.227788 -0.943894
0.0236909 -0.347734 -0.937294
0.22819 0.285902 -0.930693
-0.377554 -0.0592114 -0.924092
0.331378 -0.219994 -0.917492
-0.099329 0.400514 -0.910891
-0.204124 -0.374956 -0.90429
0.416762 0.143048 -0.89769
-0.416036 0.181313 -0.891089
0.189467 -0.426359 -0.884488
0.152205 0.454034 -0.877888
-0.429343 -0.237746 -0.871287
0.488398 -0.117408 -0.864686
-0.28708 0.425763 -0.858086
-0.0775223 -0.518617 -0.851485
0.415697 0.336699 -0.844884
-0.544225 0.0331531 -0.838284
0.385861 -0.399267 -0.831683
-0.015081 0.564811 -0.825083
-0.376645 -0.43385 -0.818482
0.580018 0.0665464 -0.811881
-0.479982 0.348052 -0.805281
0.120594 -0.589549 -0.79868
0.313765 0.523605 -0.792079
-0.593169 -0.176562 -0.785479
0.564103 -0.274111 -0.778878
-0.233778 0.590708 -0.772277
-0.22947 -0.600902 -0.765677
0.58206 0.291565 -0.759076
-0.633469 0.18027 -0.752475
0.349244 -0.567186 -0.745875
0.126987 0.661323 -0.739274
-0.546111 -0.406143 -0.732673
0.684032 -0.0701334 -0.726073
-0.461598 0.518929 -0.719472
-0.010263 -0.70122 -0.712871
0.485796 0.51496 -0.706271
-0.712568 -0.0520403 -0.69967
0.565604 -0.446931 -0.693069
-0.116166 0.717821 -0.686469
-0.402614 -0.612929 -0.679868
0.716782 0.181481 -0.673267
-0.656367 0.353183 -0.666667
0.247339 -0.709321 -0.660066
0.29903 0.695388 -0.653465
-0.695374 -0.313084 -0.646865
0.729503 -0.240598 -0.640264
-0.378057 0.67494 -0.633663
-0.178376 -0.758271 -0.627063
0.648086 0.4416 -0.620462
-0.7813 0.112894 -0.613861
0.503069 -0.614944 -0.607261
0.0447205 0.798253 -0.60066
-0.575706 -0.561832 -0.594059
0.808851 0.0255463 -0.587459
-0.61728 0.530631 -0.580858
0.0972823 -0.812874 -0.574257
0.480032 0.668831 -0.567657
-0.810166 -0.169844 -0.561056
0.715935 -0.424283 -0.554455
-0.242573 0.800633 -0.547855
-0.363808 -0.758081 -0.541254
0.784247 0.314806 -0.534653
-0.794802 0.299081 -0.528053
0.385876 -0.761043 -0.521452
0.23062 0.825677 -0.514851
-0.731125 -0.455124 -0.508251
0.850336 -0.158983 -0.50165
-0.521899 0.694657 -0.49505
-0.0847642 -0.868466 -0.488449
0.651867 0.58557 -0.481848
-0.87981 0.00858422 -0.475248
0.645528 -0.603045 -0.468647
-0.0689109 0.884175 -0.462046
-0.548538 -0.701195 -0.455446
0.881426 0.147058 -0.448845
-0.752027 0.488749 -0.442244
0.225183 -0.871497 -0.435644
0.424131 0.797518 -0.429043
-0.854384 -0.302605 -0.422442
0.837209 -0.355187 -0.415842
-0.378647 0.83015 -0.409241
-0.28246 -0.870688 -0.40264
0.79892 0.452636 -0.39604
-0.897597 0.206535 -0.389439
0.523915 -0.760886 -0.382838
0.128027 0.917635 -0.376238
-0.716302 -0.591844 -0.369637
0.930559 -0.0475801 -0.363036
-0.655812 0.665481 -0.356436
0.0341404 -0.936189 -0.349835
0.608793 0.715235 -0.343234
-0.934407 -0.116453 -0.336634
0.769568 -0.546665 -0.330033
-0.198668 0.925161 -0.323432
-0.479574 -0.818307 -0.316832
0.908464 0.280089 -0.310231
-0.860994 0.408041 -0.30363
0.360026 -0.884395 -0.29703
0.332633 0.897221 -0.290429
-0.853098 -0.437796 -0.283828
0.926635 -0.253952 -0.277228
-0.512731 0.814781 -0.270627
-0.172632 -0.948941 -0.264026
0.769714 0.584185 -0.257426
-0.963902 0.0893342 -0.250825
0.65154 -0.718227 -0.244224
0.00473855 0.971346 -0.237624
-0.660709 -0.714207 -0.231023
0.971165 0.080459 -0.224422
-0.771639 0.597601 -0.217822
0.165555 -0.963316 -0.211221
0.529394 0.82333 -0.20462
-0.947822 -0.249843 -0.19802
0.868821 -0.456628 -0.191419
-0.332622 0.924773 -0.184818
-0.379881 -0.907705 -0.178218
0.894323 0.4132 -0.171617
-0.939632 0.299768 -0.165017
0.490903 -0.856691 -0.158416
0.216937 0.964308 -0.151815
-0.812157 -0.565078 -0.145215
0.981502 -0.13206 -0.138614
-0.635102 0.761064 -0.132013
-0.0458267 -0.991046 -0.125413
0.703809 0.700384 -0.118812
-0.992836 -0.0410569 -0.112211
0.760373 -0.640843 -0.105611
-0.127879 0.986835 -0.0990099
-0.572669 -0.814562 -0.0924092
0.973073 0.213927 -0.0858086
-0.862493 0.499832 -0.0792079
0.298494 -0.951646 -0.0726073
0.422922 0.903759 -0.0660066
-0.922713 -0.380883 -0.0594059
0.938011 -0.34256 -0.0528053
-0.460415 0.886501 -0.0462046
-0.259401 -0.964957 -0.039604
0.843296 0.536436 -0.0330033
-0.98437 0.174121 -0.0264026
0.60832 -0.793445 -0.019802
0.0874181 0.996084 -0.0132013
-0.737353 -0.675476 -0.00660066
1 0 0
-0.737353 0.675476 0.00660066
0.0874181 -0.996084 0.0132013
0.60832 0.793445 0.019802
-0.98437 -0.174121 0.0264026
0.843296 -0.536436 0.0330033
-0.259401 0.964957 0.039604
-0.460415 -0.886501 0.0462046
0.938011 0.34256 0.0528053
-0.922713 0.380883 0.0594059
0.422922 -0.903759 0.0660066
0.298494 0.951646 0.0726073
-0.862493 -0.499832 0.0792079
0.973073 -0.213927 0.0858086
-0.572669 0.814562 0.0924092
-0.127879 -0.986835 0.0990099
0.760373 0.640843 0.105611
-0.992836 0.0410569 0.112211
0.703809 -0.700384 0.118812
-0.0458267 0.991046 0.125413
-0.635102 -0.761064 0.132013
0.981502 0.13206 0.138614
-0.812157 0.565078 0.145215
0.216937 -0.964308 0.151815
0.490903 0.856691 0.158416
-0.939632 -0.299768 0.165017
0.894323 -0.4132 0.171617
-0.379881 0.907705 0.178218
-0.332622 -0.924773 0.184818
0.868821 0.456628 0.191419
-0.947822 0.249843 0.19802
0.529394 -0.82333 0.20462
0.165555 0.963316 0.211221
-0.771639 -0.597601 0.217822
0.971165 -0.080459 0.224422
-0.660709 0.714207 0.231023
0.00473855 -0.971346 0.237624
0.65154 0.718227 0.244224
-0.963902 -0.0893342 0.250825
0.769714 -0.584185 0.257426
-0.172632 0.948941 0.264026
-0.512731 -0.814781 0.270627
0.926635 0.253952 0.277228
-0.853098 0.437796 0.283828
0.332633 -0.897221 0.290429
0.360026 0.884395 0.29703
-0.860994 -0.408041 0.30363
0.908464 -0.280089 0.310231
-0.479574 0.818307 0.316832
-0.198668 -0.925161 0.323432
0.769568 0.546665 0.330033
-0.934407 0.116453 0.336634
0.608793 -0.715235 0.343234
0.0341404 0.936189 0.349835
-0.655812 -0.665481 0.356436
0.930559 0.0475801 0.363036
-0.716302 0.591844 0.369637
0.128027 -0.917635 0.376238
0.523915 0.760886 0.382838
-0.897597 -0.206535 0.389439
0.79892 -0.452636 0.39604
-0.28246 0.870688 0.40264
-0.378647 -0.83015 0.409241
0.837209 0.355187 0.415842
-0.854384 0.302605 0.422442
0.424131 -0.797518 0.429043
0.225183 0.871497 0.435644
-0.752027 -0.488749 0.442244
0.881426 -0.147058 0.448845
-0.548538 0.701195 0.455446
-0.0689109 -0.884175 0.462046
0.645528 0.603045 0.468647
-0.87981 -0.00858422 0.475248
0.651867 -0.58557 0.481848
-0.0847642 0.868466 0.488449
-0.521899 -0.694657 0.49505
0.850336 0.158983 0.50165
-0.731125 0.455124 0.508251
0.23062 -0.825677 0.514851
0.385876 0.761043 0.521452
-0.794802 -0.299081 0.528053
0.784247 -0.314806 0.534653
-0.363808 0.758081 0.541254
-0.242573 -0.800633 0.547855
0.715935 0.424283 0.554455
-0.810166 0.169844 0.561056
0.480032 -0.668831 0.567657
0.0972823 0.812874 0.574257
-0.61728 -0.530631 0.580858
0.808851 -0.0255463 0.587459
-0.575706 0.561832 0.594059
0.0447205 -0.798253 0.60066
0.503069 0.614944 0.607261
-0.7813 -0.112894 0.613861
0.648086 -0.4416 0.620462
-0.178376 0.758271 0.627063
-0.378057 -0.67494 0.633663
0.729503 0.240598 0.640264
-0.695374 0.313084 0.646865
0.29903 -0.695388 0.653465
0.247339 0.709321 0.660066
-0.656367 -0.353183 0.666667
0.716782 -0.181481 0.673267
-0.402614 0.612929 0.679868
-0.116166 -0.717821 0.686469
0.565604 0.446931 0.693069
-0.712568 0.0520403 0.69967
0.485796 -0.51496 0.706271
-0.010263 0.70122 0.712871
-0.461598 -0.518929 0.719472
0.684032 0.0701334 0.726073
-0.546111 0.406143 0.732673
0.126987 -0.661323 0.739274
0.349244 0.567186 0.745875
-0.633469 -0.18027 0.752475
0.58206 -0.291565 0.759076
-0.22947 0.600902 0.765677
-0.233778 -0.590708 0.772277
0.564103 0.274111 0.778878
-0.593169 0.176562 0.785479
0.313765 -0.523605 0.792079
0.120594 0.589549 0.79868
-0.479982 -0.348052 0.805281
0.580018 -0.0665464 0.811881
-0.376645 0.43385 0.818482
-0.015081 -0.564811 0.825083
0.385861 0.399267 0.831683
-0.544225 -0.0331531 0.838284
0.415697 -0.336699 0.844884
-0.0775223 0.518617 0.851485
-0.28708 -0.425763 0.858086
0.488398 0.117408 0.864686
-0.429343 0.237746 0.871287
0.152205 -0.454034 0.877888
0.189467 0.426359 0.884488
-0.416036 -0.181313 0.891089
0.416762 -0.143048 0.89769
-0.204124 0.374956 0.90429
-0.099329 -0.400514 0.910891
0.331378 0.219994 0.917492
-0.377554 0.0592114 0.924092
0.22819 -0.285902 0.930693
0.0236909 0.347734 0.937294
-0.239115 -0.227788 0.943894
0.310681 0.00606314 0.950495
-0.217447 0.191532 0.957096
0.028528 -0.265472 0.963696
0.143417 0.194821 0.970297
-0.209674 -0.041323 0.976898
0.154515 -0.0941063 0.983498
-0.0390789 0.134821 0.990099
-0.0360024 -0.0727571 0.9967
