-0.020114, 0.0242433, -0.999504
-0.00267475, -0.0544821, -0.998511
0.0500451, 0.0495188, -0.997519
-0.0832199, -0.00320411, -0.996526
0.0720162, -0.0610468, -0.995533
-0.0131151, 0.10352, -0.994541
-0.0654887, -0.0925896, -0.993548
0.119024, 0.025812, -0.992556
-0.111966, 0.0653133, -0.991563
0.0406303, -0.130839, -0.990571
0.0614035, 0.130248, -0.989578
-0.139425, -0.0570887, -0.988586
0.147352, -0.0542888, -0.987593
-0.0747866, 0.145005, -0.9866
-0.04435, -0.163126, -0.985608
0.147701, 0.0933654, -0.984615
-0.177394, 0.0318996, -0.983623
0.112491, -0.147593, -0.98263
0.0172178, 0.189976, -0.981638
-0.144748, -0.131845, -0.980645
0.2007, -0.000571381, -0.979653
-0.151123, 0.139235, -0.97866
0.0177771, -0.209405, -0.977667
0.131131, 0.170032, -0.976675
-0.215946, -0.0375642, -0.975682
0.188289, -0.120528, -0.97469
-0.058523, 0.220201, -0.973697
-0.107538, -0.205624, -0.972705
0.222068, 0.080383, -0.971712
-0.22178, 0.0922875, -0.97072
0.102869, -0.221466, -0.969727
0.0749259, 0.236516, -0.968734
-0.218343, -0.125705, -0.967742
0.249604, -0.0556201, -0.966749
-0.148612, 0.212669, -0.965757
-0.0345559, -0.260837, -0.964764
0.204442, 0.171311, -0.963772
-0.270026, 0.0119366, -0.962779
0.193527, -0.193685, -0.961787
-0.0120186, 0.277002, -0.960794
-0.180447, -0.214988, -0.959801
0.281622, 0.0370758, -0.958809
-0.235431, 0.164803, -0.957816
0.0629887, -0.283762, -0.956824
0.146855, 0.254598, -0.955831
-0.283324, -0.0895003, -0.954839
0.272246, -0.126726, -0.953846
-0.116345, 0.280239, -0.952854
-0.104566, -0.288143, -0.951861
0.274459, 0.143252, -0.950868
-0.302073, 0.0805459, -0.949876
0.169946, -0.265967, -0.948883
0.0548562, 0.313837, -0.947891
-0.254771, -0.196151, -0.946898
0.323256, -0.027708, -0.945906
-0.221592, 0.240907, -0.944913
0.000670699, -0.330172, -0.943921
0.224437, 0.245998, -0.942928
-0.334448, -0.0300365, -0.941935
0.269104, -0.20545, -0.940943
-0.0601328, 0.335972, -0.93995
-0.184062, -0.290654, -0.938958
0.334658, 0.0906924, -0.937965
-0.310403, 0.160412, -0.936973
0.121439, -0.330445, -0.93598
0.134664, 0.328121, -0.934988
-0.323298, -0.152091, -0.933995
0.343593, -0.107006, -0.933002
-0.182363, 0.313211, -0.93201
-0.0776429, -0.356621, -0.931017
0.300205, 0.211968, -0.930025
-0.367027, 0.0468033, -0.929032
0.240623, -0.284329, -0.92804
0.0147309, 0.374655, -0.927047
-0.265659, -0.268045, -0.926055
0.379374, 0.0183149, -0.925062
-0.293963, 0.244298, -0.924069
0.0520615, -0.381076, -0.923077
0.220376, 0.318111, -0.922084
-0.379678, -0.0862255, -0.921092
0.340239, -0.194048, -0.920099
-0.120515, 0.375125, -0.919107
-0.165493, -0.360109, -0.918114
0.367391, 0.154633, -0.917122
-0.3775, 0.134913, -0.916129
0.18828, -0.356477, -0.915136
0.102533, 0.392209, -0.914144
-0.342412, -0.221153, -0.913151
0.404056, -0.068596, -0.912159
-0.252954, 0.325254, -0.911166
-0.033362, -0.412881, -0.910174
0.30509, 0.28339, -0.909181
-0.418551, -0.00289209, -0.908189
0.312173, -0.282034, -0.907196
-0.0398769, 0.420957, -0.906203
-0.256227, -0.339029, -0.905211
0.420018, 0.077292, -0.904218
-0.363694, 0.227838, -0.903226
0.114829, -0.41568, -0.902233
0.197058, 0.385919, -0.901241
-0.407917, -0.152173, -0.900248
0.405474, -0.164104, -0.899256
-0.189008, 0.396736, -0.898263
-0.129214, -0.422148, -0.89727
0.382169, 0.225017, -0.896278
-0.435753, 0.0926474, -0.895285
0.259883, -0.364281, -0.894293
0.0546792, 0.446122, -0.8933
-0.343165, -0.293299, -0.892308
0.453116, -0.0156024, -0.891315
-0.324963, 0.318943, -0.890323
0.0242774, -0.456621, -0.88933
0.291765, 0.354584, -0.888337
-0.456553, -0.0646433, -0.887345
0.381885, -0.261808, -0.886352
-0.10517, 0.452855, -0.88536
-0.229276, -0.406604, -0.884367
0.445501, 0.145526, -0.883375
-0.4285, 0.194396, -0.882382
0.185378, -0.434497, -0.88139
0.157419, 0.447348, -0.880397
-0.419876, -0.224391, -0.879404
0.46295, -0.118617, -0.878412
-0.262235, 0.401707, -0.877419
-0.0782795, -0.47513, -0.876427
0.380084, 0.298582, -0.875434
-0.483739, 0.0367133, -0.874442
0.333116, -0.355134, -0.873449
-0.00576054, 0.488658, -0.872457
-0.327015, -0.36553, -0.871464
0.489793, 0.0488095, -0.870471
-0.395531, 0.295909, -0.869479
0.0920923, -0.487084, -0.868486
0.262028, 0.422842, -0.867494
-0.4805, -0.135261, -0.866501
0.447208, -0.22561, -0.865509
-0.177966, 0.470043, -0.864516
-0.186914, -0.468391, -0.863524
0.455745, 0.219855, -0.862531
-0.486179, 0.146223, -0.861538
0.260581, -0.437674, -0.860546
0.10384, 0.500385, -0.859553
-0.415925, -0.299799, -0.858561
0.510849, -0.0600845, -0.857568
-0.337176, 0.390628, -0.856576
-0.0152905, -0.51744, -0.855583
0.361941, 0.372389, -0.854591
-0.520056, -0.030195, -0.853598
0.405128, -0.330053, -0.852605
-0.0760154, 0.51863, -0.851613
-0.295182, -0.435101, -0.85062
0.513123, 0.121808, -0.849628
-0.462035, 0.25757, -0.848635
0.167205, -0.503532, -0.847643
0.217486, 0.485678, -0.84665
-0.489885, -0.21184, -0.845658
0.505805, -0.175222, -0.844665
-0.255347, 0.472244, -0.843672
-0.13109, -0.522213, -0.84268
0.450705, 0.297367, -0.841687
-0.534729, 0.0854215, -0.840695
0.337547, -0.425396, -0.839702
0.0385627, 0.543212, -0.83871
-0.396477, -0.375548, -0.837717
0.547548, 0.00912642, -0.836725
-0.411043, 0.364137, -0.835732
0.0572755, -0.547658, -0.834739
0.328598, 0.443722, -0.833747
-0.543497, -0.105507, -0.832754
0.473297, -0.290108, -0.831762
-0.153438, 0.535051, -0.830769
-0.24894, -0.499499, -0.829777
0.522343, 0.200687, -0.828784
-0.522086, 0.205394, -0.827792
0.24687, -0.505429, -0.826799
0.159791, 0.540842, -0.825806
-0.484402, -0.291611, -0.824814
0.55558, -0.11247, -0.823821
-0.334542, 0.459385, -0.822829
-0.0637894, -0.566141, -0.821836
0.430537, 0.375305, -0.820844
-0.572403, 0.0141202, -0.819851
0.413556, -0.398048, -0.818859
-0.0361545, 0.574272, -0.817866
-0.36214, -0.448968, -0.816873
0.571692, 0.0866434, -0.815881
-0.481235, 0.323063, -0.814888
0.13695, -0.56464, -0.813896
0.281096, 0.510072, -0.812903
-0.55313, -0.186676, -0.811911
0.535219, -0.236542, -0.810918
-0.235423, 0.537212, -0.809926
-0.189729, -0.556444, -0.808933
0.516969, 0.282799, -0.80794
-0.573544, 0.141005, -0.806948
0.328417, -0.492522, -0.805955
0.090736, 0.586346, -0.804963
-0.464026, -0.371903, -0.80397
0.594712, -0.0393038, -0.802978
-0.412895, 0.431668, -0.801985
0.0128972, -0.598535, -0.800993
0.395669, 0.45105, -0.8
-0.597747, -0.0654633, -0.799007
0.486042, -0.35628, -0.798015
-0.117985, 0.592313, -0.797022
-0.313782, -0.517569, -0.79603
0.582237, 0.170048, -0.795037
-0.545354, 0.26848, -0.794045
0.221241, -0.567557, -0.793052
0.220709, 0.569148, -0.79206
-0.54835, -0.271155, -0.791067
0.58873, -0.170821, -0.790074
-0.319387, 0.52473, -0.789082
-0.119191, -0.603911, -0.788089
0.496845, 0.365545, -0.787097
-0.614538, 0.0662081, -0.786104
0.409251, -0.46488, -0.785112
0.012278, 0.620489, -0.784119
-0.429051, -0.450142, -0.783127
0.621681, 0.0421849, -0.782134
-0.487875, 0.38961, -0.781141
0.0967584, -0.618066, -0.780149
0.346835, 0.522131, -0.779156
-0.609635, -0.151016, -0.778164
0.552614, -0.301036, -0.777171
-0.204531, 0.596417, -0.776179
-0.252547, -0.579057, -0.775186
0.578479, 0.256879, -0.774194
-0.60122, 0.201728, -0.773201
0.307641, -0.555924, -0.772208
0.148958, 0.6189, -0.771216
-0.528894, -0.356409, -0.770223
0.631924, -0.094635, -0.769231
-0.402787, 0.497567, -0.768238
-0.0391717, -0.640156, -0.767246
0.462156, 0.446395, -0.766253
-0.643496, -0.017007, -0.765261
0.486871, -0.422907, -0.764268
-0.0734675, 0.641883, -0.763275
-0.3801, -0.523878, -0.762283
0.635292, 0.129771, -0.76129
-0.557102, 0.334043, -0.760298
0.185477, -0.623742, -0.759305
0.285072, 0.586256, -0.758313
-0.607285, -0.240147, -0.75732
0.611084, -0.233548, -0.756328
-0.293348, 0.586017, -0.755335
-0.179857, -0.631363, -0.754342
0.56007, 0.344653, -0.75335
-0.646903, 0.1244, -0.752357
0.39365, -0.529614, -0.751365
0.0675988, 0.65755, -0.750372
-0.494855, -0.439942, -0.74938
0.663189, -0.00988672, -0.748387
-0.483149, 0.456035, -0.747395
0.0482929, -0.663741, -0.746402
0.41343, 0.522915, -0.745409
-0.659169, -0.10649, -0.744417
0.558907, -0.367346, -0.743424
-0.164252, 0.649474, -0.742432
-0.31812, -0.590819, -0.741439
0.634699, 0.221125, -0.740447
-0.618378, 0.266114, -0.739454
0.276662, -0.614925, -0.738462
0.211714, 0.64134, -0.737469
-0.590274, -0.330422, -0.736476
0.659497, -0.155329, -0.735484
-0.381975, 0.560908, -0.734491
-0.0973854, -0.672678, -0.733499
0.527024, 0.430906, -0.732506
-0.680749, 0.0383232, -0.731514
0.476819, -0.488859, -0.730521
-0.0214049, 0.683615, -0.729529
-0.446682, -0.519337, -0.728536
0.681223, 0.0813388, -0.727543
-0.55811, 0.400796, -0.726551
0.141014, -0.673558, -0.725558
0.351536, 0.592813, -0.724566
-0.660648, -0.199965, -0.723573
0.623152, -0.299263, -0.722581
-0.257729, 0.642562, -0.721588
-0.244367, -0.648866, -0.720596
0.61941, 0.313851, -0.719603
-0.669726, 0.187258, -0.71861
0.367886, -0.591341, -0.717618
0.128366, 0.685544, -0.716625
-0.558546, -0.4194, -0.715633
0.696166, -0.0681384, -0.71464
-0.467981, 0.52125, -0.713648
-0.00703499, -0.701479, -0.712655
0.479717, 0.513233, -0.711663
-0.701413, -0.054475, -0.71067
0.554786, -0.434247, -0.709677
-0.115917, 0.695938, -0.708685
-0.385169, -0.592298, -0.707692
0.685064, 0.176812, -0.7067
-0.625454, 0.332843, -0.705707
0.236687, -0.668847, -0.704715
0.277659, 0.653973, -0.703722
-0.647383, -0.295071, -0.70273
0.677609, -0.220027, -0.701737
-0.351502, 0.620809, -0.700744
-0.160382, -0.69615, -0.699752
0.589303, 0.405533, -0.698759
-0.709426, 0.0991747, -0.697767
0.456732, -0.553084, -0.696774
0.0368719, 0.717306, -0.695782
-0.512406, -0.504687, -0.694789
0.7197, 0.0260497, -0.693797
-0.549008, 0.467561, -0.692804
0.0891056, -0.716559, -0.691811
0.418875, 0.589332, -0.690819
-0.70788, -0.151808, -0.689826
0.625328, -0.366705, -0.688834
-0.213669, 0.6937, -0.687841
-0.311438, -0.656693, -0.686849
0.674102, 0.274205, -0.685856
-0.68316, 0.253484, -0.684864
0.33294, -0.649208, -0.683871
0.19328, 0.7045, -0.682878
-0.619186, -0.389411, -0.681886
0.72052, -0.13128, -0.680893
-0.443168, 0.584241, -0.679901
-0.067956, -0.731072, -0.678908
0.544619, 0.493781, -0.677916
-0.736044, 0.00379077, -0.676923
0.540844, -0.500605, -0.675931
-0.0607228, 0.735372, -0.674938
-0.452517, -0.583974, -0.673945
0.729032, 0.125087, -0.672953
-0.622819, 0.400707, -0.67196
0.188803, -0.717047, -0.670968
0.345558, 0.657056, -0.669975
-0.699481, -0.251374, -0.668983
0.686399, -0.287482, -0.66799
-0.312311, 0.676444, -0.666998
-0.226913, -0.710597, -0.666005
0.648088, 0.371135, -0.665012
-0.729439, 0.164308, -0.66402
0.42738, -0.614607, -0.663027
0.100142, 0.742753, -0.662035
-0.576236, -0.480599, -0.661042
0.750411, -0.034904, -0.66005
-0.530366, 0.53325, -0.659057
0.0309062, -0.752327, -0.658065
0.485959, 0.576282, -0.657072
-0.74846, -0.0967825, -0.656079
0.617972, -0.434709, -0.655087
-0.162216, 0.738814, -0.654094
-0.379879, -0.655095, -0.653102
0.723437, 0.226698, -0.652109
-0.687345, 0.321877, -0.651117
0.289726, -0.702422, -0.650124
0.261136, 0.714448, -0.649132
-0.675907, -0.350807, -0.648139
0.736174, -0.198114, -0.647146
-0.40946, 0.644071, -0.646154
-0.133288, -0.752331, -0.645161
0.607139, 0.46522, -0.644169
-0.762768, 0.0671508, -0.643176
0.517644, -0.565371, -0.642184
0.000208619, 0.767381, -0.641191
-0.519072, -0.566313, -0.640199
0.766109, 0.0670252, -0.639206
-0.610834, 0.468579, -0.638213
0.134032, -0.758937, -0.637221
0.414263, 0.650845, -0.636228
-0.745894, -0.200294, -0.635236
0.686019, -0.356529, -0.634243
-0.265296, 0.727057, -0.633251
-0.295809, -0.716064, -0.632258
0.702547, 0.32853, -0.631266
-0.740725, 0.232557, -0.630273
0.3895, -0.672529, -0.62928
0.167254, 0.75979, -0.628288
-0.637214, -0.447727, -0.627295
0.773089, -0.100395, -0.626303
-0.502749, 0.596851, -0.62531
-0.0324885, -0.780495, -0.624318
0.551732, 0.554128, -0.623325
-0.781927, -0.0359439, -0.622333
0.601454, -0.502185, -0.62134
-0.104376, 0.777351, -0.620347
-0.448577, -0.644343, -0.619355
0.766777, 0.17228, -0.618362
-0.682448, 0.391304, -0.61737
0.23913, -0.750264, -0.616377
0.330795, 0.715456, -0.615385
-0.727915, -0.304405, -0.614392
0.743091, -0.267502, -0.6134
-0.367595, 0.69988, -0.612407
-0.201905, -0.765119, -0.611414
0.666353, 0.428204, -0.610422
-0.781349, 0.134501, -0.609429
0.485755, -0.627573, -0.608437
0.0658018, 0.791632, -0.607444
-0.583817, -0.539791, -0.606452
0.795868, 0.00366614, -0.605459
-0.589883, 0.535405, -0.604467
0.07337, -0.794, -0.603474
0.482692, 0.635629, -0.602481
-0.78602, -0.142773, -0.601489
0.67666, -0.42607, -0.600496
-0.211338, 0.771966, -0.599504
-0.36596, -0.712641, -0.598511
0.751924, 0.278534, -0.597519
-0.743277, 0.302814, -0.596526
0.343836, -0.726028, -0.595533
0.237107, 0.768311, -0.594541
-0.694454, -0.406735, -0.593548
0.787529, -0.169337, -0.592556
-0.466736, 0.657427, -0.591563
-0.100019, -0.800764, -0.590571
0.615211, 0.523367, -0.589578
-0.80789, 0.0296816, -0.588586
0.576177, -0.568115, -0.587593
-0.0411356, 0.808831, -0.5866
-0.516483, -0.624747, -0.585608
0.803558, 0.111889, -0.584615
-0.668687, 0.460698, -0.583623
0.182031, -0.79209, -0.58263
0.401175, 0.707641, -0.581638
-0.774493, -0.251021, -0.580645
0.741293, -0.338361, -0.579653
-0.318322, 0.750882, -0.57866
-0.272728, -0.769363, -0.577667
0.721418, 0.383409, -0.576675
-0.791617, 0.204773, -0.575682
0.445772, -0.686308, -0.57469
0.135011, 0.807864, -0.573697
-0.645804, -0.504923, -0.572705
0.817956, -0.0639737, -0.571712
-0.560393, 0.600199, -0.57072
0.00779476, -0.821797, -0.569727
0.549828, 0.611744, -0.568734
-0.819335, -0.0797441, -0.567742
0.658565, -0.495063, -0.566749
-0.15132, 0.810569, -0.565757
-0.436312, -0.700481, -0.564764
0.795544, 0.221971, -0.563772
-0.737152, 0.374014, -0.562779
0.291147, -0.774357, -0.561787
0.308639, 0.768279, -0.560794
-0.747151, -0.358313, -0.559801
0.793603, -0.240679, -0.558809
-0.422943, 0.714115, -0.557816
-0.17065, -0.812912, -0.556824
0.675486, 0.484531, -0.555831
-0.826036, 0.0990853, -0.554839
0.542593, -0.631543, -0.553846
0.0265311, 0.832856, -0.552854
-0.582609, -0.596671, -0.551861
0.833298, 0.0464566, -0.550868
-0.646335, 0.529044, -0.549876
0.119317, -0.827339, -0.548883
0.471246, 0.69119, -0.547891
-0.815006, -0.191488, -0.546898
0.730873, -0.409648, -0.545906
-0.262412, 0.796373, -0.544913
-0.344712, -0.765065, -0.543921
0.771564, 0.331539, -0.542928
-0.793484, 0.276929, -0.541935
0.39833, -0.740752, -0.540943
0.206811, 0.815894, -0.53995
-0.704156, -0.462265, -0.538958
0.832104, -0.134892, -0.537965
-0.522841, 0.66204, -0.536973
-0.061721, -0.841971, -0.53598
0.614713, 0.579583, -0.534988
-0.8454, -0.0121433, -0.533995
0.632042, -0.562522, -0.533002
-0.0861338, 0.842346, -0.53201
-0.505856, -0.679802, -0.531017
0.832812, 0.159681, -0.530025
-0.72248, 0.445138, -0.529032
0.232217, -0.816853, -0.52804
0.380823, 0.759734, -0.527047
-0.794574, -0.303181, -0.526055
0.79126, -0.313397, -0.525062
-0.372021, 0.766128, -0.524069
-0.243369, -0.8168, -0.523077
0.731715, 0.438202, -0.522084
-0.83614, 0.171272, -0.521092
0.501206, -0.691585, -0.520099
0.097654, 0.849112, -0.519107
-0.646029, -0.560539, -0.518114
0.855601, -0.0230782, -0.517122
-0.615735, 0.595383, -0.516129
0.0518841, -0.855536, -0.515136
0.540024, 0.666356, -0.514144
-0.848901, -0.126657, -0.513151
0.712, -0.480363, -0.512159
-0.200664, 0.835729, -0.511166
-0.416849, -0.752303, -0.510174
0.816102, 0.273334, -0.509181
-0.786939, 0.34996, -0.508189
0.344103, -0.790155, -0.507196
0.2802, 0.815626, -0.506203
-0.75807, -0.412423, -0.505211
0.838128, -0.208101, -0.504218
-0.477759, 0.720076, -0.503226
-0.13421, -0.854254, -0.502233
0.676452, 0.539602, -0.501241
-0.863863, 0.0590905, -0.500248
0.597466, -0.627518, -0.499256
-0.0166817, 0.866865, -0.498263
-0.573635, -0.650895, -0.49727
0.863219, 0.0925254, -0.496278
-0.699467, 0.515207, -0.495285
0.167857, -0.852935, -0.494293
0.45267, 0.742795, -0.4933
-0.836076, -0.242096, -0.492308
0.780532, -0.386496, -0.491315
-0.314668, 0.812753, -0.490323
-0.317183, -0.812374, -0.48933
0.783131, 0.38501, -0.488337
-0.838059, 0.245259, -0.487345
0.452576, -0.74742, -0.486352
0.171268, 0.857376, -0.48536
-0.705881, -0.516837, -0.484367
0.870159, -0.0957758, -0.483375
-0.577293, 0.658817, -0.482382
-0.0193589, -0.876293, -0.48139
0.606579, 0.633468, -0.480397
-0.875715, -0.0573968, -0.479404
0.684918, -0.549553, -0.478412
-0.133902, 0.868413, -0.477419
-0.488168, -0.731238, -0.476427
0.854426, 0.209567, -0.475434
-0.772058, 0.422886, -0.474442
0.283808, -0.833846, -0.473449
0.354198, 0.80705, -0.472457
-0.806814, -0.356051, -0.471464
0.835931, -0.282624, -0.470471
-0.425734, 0.773524, -0.469479
-0.20871, -0.858464, -0.468486
0.734217, 0.492316, -0.467494
-0.874462, 0.133017, -0.466501
0.555277, -0.68918, -0.465509
0.056123, 0.883784, -0.464516
-0.638746, -0.614125, -0.463524
0.886345, 0.0213825, -0.462531
-0.668397, 0.583291, -0.461538
0.098905, -0.882108, -0.460546
0.523229, 0.717664, -0.459553
-0.871091, -0.175849, -0.458561
0.761537, -0.459012, -0.457568
-0.25162, 0.853362, -0.456576
-0.391124, -0.799666, -0.455583
0.829042, 0.325634, -0.454591
-0.831744, 0.320079, -0.453598
0.397317, -0.798303, -0.452605
0.246416, 0.857511, -0.451613
-0.761368, -0.466112, -0.45062
0.876754, -0.170696, -0.449628
-0.531485, 0.718506, -0.448635
-0.0934953, -0.889311, -0.447643
0.670033, 0.592924, -0.44665
-0.895071, 0.0154057, -0.445658
0.649949, -0.616311, -0.444665
-0.0629748, 0.893974, -0.443672
-0.55774, -0.702111, -0.44268
0.886013, 0.141044, -0.441687
-0.748999, 0.494761, -0.440695
0.218201, -0.871235, -0.439702
0.427847, 0.790241, -0.43871
-0.849738, -0.293851, -0.437717
0.825507, -0.357506, -0.436725
-0.367408, 0.821675, -0.435732
-0.284269, -0.854513, -0.434739
0.787245, 0.438303, -0.433747
-0.877023, 0.208696, -0.432754
0.505985, -0.7467, -0.431762
0.131361, 0.892851, -0.430769
-0.70034, -0.569926, -0.429777
0.901859, -0.0528548, -0.428784
-0.629628, 0.648508, -0.427792
0.0262205, -0.903966, -0.426799
0.591592, 0.684622, -0.425806
-0.899141, -0.105259, -0.424814
0.734477, -0.530018, -0.423821
-0.183652, 0.887405, -0.422829
-0.464251, -0.778797, -0.421836
0.868836, 0.260796, -0.420844
-0.817232, 0.394787, -0.419851
0.336096, -0.843562, -0.418859
0.322153, 0.849474, -0.417866
-0.811764, -0.408969, -0.416873
0.875262, -0.246901, -0.415881
-0.47885, 0.773673, -0.414888
-0.169604, -0.894385, -0.413896
0.72957, 0.545196, -0.412903
-0.906684, 0.090852, -0.411911
0.607489, -0.679782, -0.410918
0.0112477, 0.91205, -0.409926
-0.624679, -0.665244, -0.408933
0.910428, 0.0685988, -0.40794
-0.718007, 0.564676, -0.406948
0.148074, -0.901817, -0.405955
0.500224, 0.765363, -0.404963
-0.886271, -0.226567, -0.40397
0.806938, -0.43181, -0.402978
-0.303472, 0.863894, -0.401985
-0.359952, -0.842401, -0.400993
0.834846, 0.378195, -0.4
-0.871468, 0.285196, -0.399007
0.450158, -0.799338, -0.398015
0.20811, 0.893903, -0.397022
-0.757631, -0.518802, -0.39603
0.909523, -0.129284, -0.395037
-0.583594, 0.710033, -0.394045
-0.0493187, -0.918193, -0.393052
0.656899, 0.644029, -0.39206
-0.919834, -0.0311724, -0.391067
0.699634, -0.598627, -0.390074
-0.111572, 0.914422, -0.389082
-0.535656, -0.749973, -0.388089
0.901984, 0.191262, -0.387097
-0.794649, 0.468462, -0.386104
0.269629, -0.882604, -0.385112
0.397552, 0.83331, -0.384119
-0.856417, -0.346069, -0.383127
0.865646, -0.323465, -0.382134
-0.419989, 0.823614, -0.381141
-0.246765, -0.8914, -0.380149
0.784434, 0.490819, -0.379156
-0.91036, 0.168037, -0.378164
0.558008, -0.739168, -0.377171
0.0878812, 0.92237, -0.376179
-0.688152, -0.621034, -0.375186
0.927325, -0.00691183, -0.374194
-0.679404, 0.631768, -0.373201
0.0742506, -0.925174, -0.372208
0.57044, 0.732664, -0.371216
-0.915923, -0.154983, -0.370223
0.780394, -0.504632, -0.369231
-0.234664, 0.89963, -0.368238
-0.434841, -0.822219, -0.367246
0.876408, 0.312679, -0.366253
-0.857807, 0.361596, -0.365261
0.388427, -0.846424, -0.364268
0.285455, 0.886874, -0.363275
-0.809897, -0.461322, -0.362283
0.909187, -0.206998, -0.36129
-0.5308, 0.767097, -0.360298
-0.126823, -0.924562, -0.359305
0.718342, 0.596319, -0.358313
-0.932871, 0.0455443, -0.35732
0.657372, -0.663998, -0.356328
-0.0362163, 0.934037, -0.355335
-0.604472, -0.713481, -0.354342
0.928041, 0.117831, -0.35335
-0.764208, 0.540214, -0.352357
0.198673, -0.914916, -0.351365
0.471709, 0.809154, -0.350372
-0.894753, -0.27812, -0.34938
0.847965, -0.399477, -0.348387
-0.35556, 0.867695, -0.347395
-0.324068, -0.880333, -0.346402
0.833939, 0.430393, -0.345409
-0.905999, 0.246055, -0.344417
0.502042, -0.793734, -0.343424
0.166033, 0.924756, -0.342432
-0.747379, -0.569951, -0.341439
0.936449, -0.084615, -0.340447
-0.633593, 0.69522, -0.339454
-0.00242309, -0.940977, -0.338462
0.637649, 0.692473, -0.337469
-0.938295, -0.0799122, -0.336476
0.74613, -0.575101, -0.335484
-0.161759, 0.928412, -0.334491
-0.508047, -0.794145, -0.333499
0.911394, 0.242487, -0.332506
-0.836141, 0.436998, -0.331514
0.321475, -0.887361, -0.330521
0.362491, 0.871786, -0.329529
-0.856486, -0.398115, -0.328536
0.900798, -0.285095, -0.327543
-0.471813, 0.818998, -0.326551
-0.205399, -0.922943, -0.325558
0.775173, 0.541999, -0.324566
-0.938041, 0.124013, -0.323573
0.60813, -0.725341, -0.322581
0.0415591, 0.945967, -0.321588
-0.669874, -0.669692, -0.320596
0.94665, 0.0413312, -0.319603
-0.726205, 0.609191, -0.31861
0.124022, -0.940073, -0.317618
0.543751, 0.777228, -0.316625
-0.926278, -0.205877, -0.315633
0.822362, -0.474049, -0.31464
-0.286268, 0.90536, -0.313648
-0.400615, -0.861252, -0.312655
0.877469, 0.364574, -0.311663
-0.89359, 0.324007, -0.31067
0.440192, -0.842811, -0.309677
0.24481, 0.91912, -0.308685
-0.801643, -0.512537, -0.307692
0.937636, -0.163628, -0.3067
-0.581049, 0.754271, -0.305707
-0.0810826, -0.948986, -0.304715
0.701052, 0.645197, -0.303722
-0.953074, -0.00219514, -0.30273
0.704482, -0.642386, -0.301737
-0.0855663, 0.949859, -0.300744
-0.578716, -0.758444, -0.299752
0.939355, 0.168391, -0.298759
-0.806659, 0.510525, -0.297767
0.250032, -0.921634, -0.296774
0.43833, 0.848752, -0.295782
-0.896823, -0.329861, -0.294789
0.88439, -0.362682, -0.293797
-0.407263, 0.865102, -0.292804
-0.284155, -0.913292, -0.291811
0.826708, 0.481641, -0.290819
-0.935227, 0.20335, -0.289826
0.552419, -0.781926, -0.288834
0.120884, 0.950018, -0.287841
-0.731091, -0.61905, -0.286849
0.957543, -0.0373884, -0.285856
-0.681017, 0.674588, -0.284864
0.0464972, -0.957734, -0.283871
0.612842, 0.737838, -0.282878
-0.950582, -0.130129, -0.281886
0.78907, -0.546322, -0.280893
-0.212865, 0.936132, -0.279901
-0.475531, -0.834314, -0.278908
0.914487, 0.294069, -0.277916
-0.873215, 0.40101, -0.276923
0.373114, -0.885804, -0.275931
0.323324, 0.905467, -0.274938
-0.850294, -0.449393, -0.273945
0.930814, -0.243068, -0.272953
-0.522316, 0.808223, -0.27196
-0.160854, -0.949053, -0.270968
0.759905, 0.591318, -0.269975
-0.960037, 0.0773112, -0.268983
0.655867, -0.705705, -0.26799
-0.00692075, 0.963672, -0.266998
-0.646032, -0.715461, -0.266005
0.959923, 0.0911958, -0.265012
-0.769636, 0.581338, -0.26402
0.174867, -0.948809, -0.263027
0.512113, 0.817972, -0.262035
-0.930407, -0.257291, -0.261042
0.86009, -0.438884, -0.26005
-0.337835, 0.904852, -0.259057
-0.362209, -0.89566, -0.258065
0.87233, 0.415877, -0.257072
-0.924402, 0.282673, -0.256079
0.490816, -0.833085, -0.255087
0.200883, 0.946088, -0.254094
-0.78741, -0.562072, -0.253102
0.960543, -0.117465, -0.252109
-0.629096, 0.735648, -0.251117
-0.0330562, -0.967649, -0.250124
0.678192, 0.691368, -0.249132
-0.967344, -0.0516951, -0.248139
0.748405, -0.615474, -0.247146
-0.136139, 0.959622, -0.246154
-0.547973, -0.799763, -0.245161
0.944535, 0.219627, -0.244169
-0.845044, 0.4762, -0.243176
0.301517, -0.92219, -0.242184
0.400703, 0.883891, -0.241191
-0.892752, -0.38118, -0.240199
0.916002, -0.322057, -0.239206
-0.458, 0.85644, -0.238213
-0.240862, -0.941123, -0.237221
0.813526, 0.531387, -0.236228
-0.959053, 0.15774, -0.235236
0.600772, -0.764332, -0.234243
0.0733261, 0.969648, -0.233251
-0.709229, -0.66562, -0.232258
0.97282, 0.0117326, -0.231266
-0.725428, 0.648636, -0.230273
0.0967839, -0.968537, -0.22928
0.583011, 0.779732, -0.228288
-0.956824, -0.181175, -0.227295
0.828111, -0.512854, -0.226303
-0.264257, 0.937765, -0.22531
-0.438699, -0.870187, -0.224318
0.911499, 0.345392, -0.223325
-0.905631, 0.361111, -0.222333
0.423955, -0.87822, -0.22134
0.280683, 0.934165, -0.220347
-0.838178, -0.49934, -0.219355
0.955564, -0.198029, -0.218362
-0.570966, 0.791674, -0.21737
-0.113781, -0.969657, -0.216377
0.739059, 0.63828, -0.215385
-0.976329, 0.0285851, -0.214392
0.700762, -0.68073, -0.2134
-0.0569059, 0.975523, -0.212407
-0.617132, -0.757927, -0.211414
0.967237, 0.142036, -0.210422
-0.809331, 0.548746, -0.209429
0.226152, -0.95153, -0.208437
0.476094, 0.854576, -0.207444
-0.928515, -0.308607, -0.206452
0.89331, -0.399731, -0.205459
-0.388767, 0.898362, -0.204467
-0.320237, -0.925228, -0.203474
0.861296, 0.466015, -0.202481
-0.95008, 0.238222, -0.201489
0.539755, -0.817598, -0.200496
0.154313, 0.96767, -0.199504
-0.767595, -0.609419, -0.198511
0.977857, -0.069151, -0.197519
-0.674468, 0.711668, -0.196526
0.0166104, -0.980556, -0.195533
0.650239, 0.7344, -0.194541
-0.975741, -0.102314, -0.193548
0.78875, -0.583777, -0.192556
-0.187301, 0.963443, -0.191563
-0.512787, -0.837097, -0.190571
0.943749, 0.27092, -0.189578
-0.879066, 0.437811, -0.188586
0.352527, -0.916806, -0.187593
0.35942, 0.914329, -0.1866
-0.882814, -0.431496, -0.185608
0.94261, -0.278214, -0.184615
-0.507217, 0.84203, -0.183623
-0.194814, -0.963688, -0.18263
0.79476, 0.579107, -0.181638
-0.977394, 0.109858, -0.180645
0.646611, -0.741363, -0.179653
0.0239967, 0.983618, -0.17866
-0.682244, -0.709209, -0.177667
0.982308, 0.0621114, -0.176675
-0.766417, 0.617852, -0.175682
0.147806, -0.973466, -0.17469
0.548678, 0.817791, -0.173697
-0.957157, -0.232428, -0.172705
0.862933, -0.475249, -0.171712
-0.315329, 0.9335, -0.17072
-0.398125, -0.901493, -0.169727
0.902671, 0.395871, -0.168734
-0.933169, 0.317897, -0.167742
0.473434, -0.864902, -0.166749
0.235177, 0.957714, -0.165757
-0.820477, -0.547421, -0.164764
0.974935, -0.150598, -0.163772
-0.617262, 0.769734, -0.162779
-0.0648086, -0.984695, -0.161787
0.713057, 0.682418, -0.160794
-0.986914, -0.0215343, -0.159801
0.742387, -0.650878, -0.158809
-0.107768, 0.98157, -0.157816
-0.583669, -0.796703, -0.156824
0.968699, 0.193232, -0.155831
-0.844948, 0.511945, -0.154839
0.277269, -0.948395, -0.153846
0.436251, 0.886748, -0.152854
-0.920809, -0.359233, -0.151861
0.921776, -0.357166, -0.150868
-0.438494, 0.886149, -0.149876
-0.275295, -0.949761, -0.148883
0.844676, 0.514443, -0.147891
-0.970484, 0.191265, -0.146898
0.586494, -0.796703, -0.145906
0.105718, 0.98378, -0.144913
-0.742596, -0.654093, -0.143921
0.989545, -0.0193116, -0.142928
-0.716718, 0.682766, -0.141935
0.0672933, -0.987728, -0.140943
0.617669, 0.773886, -0.13995
-0.97834, -0.153432, -0.138958
0.825155, -0.5478, -0.137965
-0.238443, 0.961449, -0.136973
-0.473694, -0.870128, -0.13598
0.937179, 0.321674, -0.134988
-0.908458, 0.395917, -0.133995
0.402485, -0.905713, -0.133002
0.315063, 0.939845, -0.13201
-0.867289, -0.480254, -0.131017
0.964046, -0.231751, -0.130025
-0.554384, 0.822197, -0.129032
-0.14662, -0.980871, -0.12804
0.770781, 0.624304, -0.127047
-0.990188, 0.0603202, -0.126055
0.689475, -0.713431, -0.125062
-0.0264853, 0.99192, -0.124069
-0.650584, -0.749395, -0.123077
0.986051, 0.113131, -0.122084
-0.803601, 0.58272, -0.121092
0.198953, -0.972622, -0.120099
0.510357, 0.851675, -0.119107
-0.951733, -0.283291, -0.118114
0.893244, -0.434047, -0.117122
-0.365499, 0.923539, -0.116129
-0.354376, -0.927988, -0.115136
0.888255, 0.444943, -0.114144
-0.955636, 0.271951, -0.113151
0.521014, -0.846147, -0.112159
0.187405, 0.975972, -0.111166
-0.797535, -0.593127, -0.110174
0.988838, -0.101385, -0.109181
-0.660726, 0.74279, -0.108189
-0.01455, -0.994131, -0.107196
0.682328, 0.723291, -0.106203
-0.991808, -0.0724338, -0.105211
0.780339, -0.616611, -0.104218
-0.158899, 0.981884, -0.103226
-0.546142, -0.831431, -0.102233
0.96443, 0.244183, -0.101241
-0.876172, 0.471458, -0.100248
0.32763, -0.939578, -0.0992556
0.393131, 0.914217, -0.098263
-0.907516, -0.408599, -0.0972705
0.94527, -0.31176, -0.0962779
-0.486469, 0.868487, -0.0952854
-0.227969, -0.969092, -0.0942928
0.822787, 0.56064, -0.0933002
-0.985496, 0.142399, -0.0923077
0.630542, -0.770764, -0.0913151
0.0557066, 0.994353, -0.0903226
-0.712816, -0.695638, -0.08933
0.995594, 0.0314443, -0.0883375
-0.755427, 0.649385, -0.0873449
0.118385, -0.989206, -0.0863524
0.580955, 0.809447, -0.0853598
-0.975235, -0.204449, -0.0843672
0.857283, -0.50805, -0.0833747
-0.288975, 0.953785, -0.0823821
-0.431227, -0.898565, -0.0813896
0.92502, 0.371314, -0.080397
-0.932975, 0.351075, -0.0794045
0.450834, -0.889157, -0.0784119
0.268206, 0.960246, -0.0774194
-0.846469, -0.526925, -0.0764268
0.980167, -0.183257, -0.0754342
-0.599001, 0.797281, -0.0744417
-0.0968783, -0.992582, -0.0734491
0.741969, 0.666508, -0.0724566
-0.997396, 0.00973149, -0.071464
0.728927, -0.680955, -0.0704715
-0.0775147, 0.994567, -0.0694789
-0.614706, -0.785777, -0.0684864
0.984117, 0.164191, -0.0674938
-0.836622, 0.543728, -0.0665012
0.249633, -0.966122, -0.0655087
0.468565, 0.88107, -0.0645161
-0.94072, -0.333184, -0.0635236
0.918777, -0.389792, -0.062531
-0.414203, 0.908102, -0.0615385
-0.308013, -0.949454, -0.0605459
0.868518, 0.492067, -0.0595533
-0.972862, 0.223853, -0.0585608
0.56618, -0.822269, -0.0575682
0.137959, 0.988821, -0.0565757
-0.769708, -0.635971, -0.0555831
0.997206, -0.0509878, -0.0545906
-0.700905, 0.711238, -0.053598
0.0363928, -0.997952, -0.0526055
0.647306, 0.760481, -0.0516129
-0.991051, -0.123513, -0.0506203
0.814242, -0.5784, -0.0496278
-0.209704, 0.976555, -0.0486352
-0.505048, -0.861775, -0.0476427
0.954572, 0.294305, -0.0466501
-0.902713, 0.427813, -0.0456576
0.376666, -0.925272, -0.044665
0.347285, 0.936742, -0.0436725
-0.888876, -0.456156, -0.0426799
0.963599, -0.264082, -0.0416873
-0.532164, 0.845662, -0.0406948
-0.178842, -0.983076, -0.0397022
0.795962, 0.604107, -0.0387097
-0.995024, 0.0922186, -0.0377171
0.671432, -0.740156, -0.0367246
0.00487516, 0.99935, -0.035732
-0.678669, -0.733622, -0.0347395
0.996018, 0.0825181, -0.0337469
-0.790199, 0.611974, -0.0327543
0.169291, -0.985054, -0.0317618
0.540582, 0.840729, -0.0307692
-0.966541, -0.254777, -0.0297767
0.884823, -0.465038, -0.0287841
-0.338322, 0.94062, -0.0277916
-0.385922, -0.922142, -0.026799
0.907489, 0.419283, -0.0258065
-0.952399, 0.303841, -0.0248139
0.49704, -0.867401, -0.0238213
0.219424, 0.975362, -0.0228288
-0.820663, -0.570996, -0.0218362
0.990854, -0.133318, -0.0208437
-0.640583, 0.767632, -0.0198511
-0.0461832, -0.998755, -0.0188586
0.708716, 0.705267, -0.017866
-0.999004, -0.0413119, -0.0168734
0.764553, -0.644366, -0.0158809
-0.128496, 0.991598, -0.0148883
-0.575074, -0.817983, -0.0138958
0.976594, 0.214702, -0.0129032
-0.86515, 0.501372, -0.0119107
0.299266, -0.954107, -0.0109181
0.423825, 0.90569, -0.00992556
-0.924309, -0.381541, -0.008933
0.939292, -0.343028, -0.00794045
-0.460896, 0.887427, -0.00694789
-0.2596, -0.965698, -0.00595533
0.843745, 0.536721, -0.00496278
-0.984706, 0.174181, -0.00397022
0.608436, -0.793597, -0.00297767
0.0874256, 0.996169, -0.00198511
-0.737369, -0.67549, -0.000992556
1, 0, 0
-0.737369, 0.67549, 0.000992556
0.0874256, -0.996169, 0.00198511
0.608436, 0.793597, 0.00297767
-0.984706, -0.174181, 0.00397022
0.843745, -0.536721, 0.00496278
-0.2596, 0.965698, 0.00595533
-0.460896, -0.887427, 0.00694789
0.939292, 0.343028, 0.00794045
-0.924309, 0.381541, 0.008933
0.423825, -0.90569, 0.00992556
0.299266, 0.954107, 0.0109181
-0.86515, -0.501372, 0.0119107
0.976594, -0.214702, 0.0129032
-0.575074, 0.817983, 0.0138958
-0.128496, -0.991598, 0.0148883
0.764553, 0.644366, 0.0158809
-0.999004, 0.0413119, 0.0168734
0.708716, -0.705267, 0.017866
-0.0461832, 0.998755, 0.0188586
-0.640583, -0.767632, 0.0198511
0.990854, 0.133318, 0.0208437
-0.820663, 0.570996, 0.0218362
0.219424, -0.975362, 0.0228288
0.49704, 0.867401, 0.0238213
-0.952399, -0.303841, 0.0248139
0.907489, -0.419283, 0.0258065
-0.385922, 0.922142, 0.026799
-0.338322, -0.94062, 0.0277916
0.884823, 0.465038, 0.0287841
-0.966541, 0.254777, 0.0297767
0.540582, -0.840729, 0.0307692
0.169291, 0.985054, 0.0317618
-0.790199, -0.611974, 0.0327543
0.996018, -0.0825181, 0.0337469
-0.678669, 0.733622, 0.0347395
0.00487516, -0.99935, 0.035732
0.671432, 0.740156, 0.0367246
-0.995024, -0.0922186, 0.0377171
0.795962, -0.604107, 0.0387097
-0.178842, 0.983076, 0.0397022
-0.532164, -0.845662, 0.0406948
0.963599, 0.264082, 0.0416873
-0.888876, 0.456156, 0.0426799
0.347285, -0.936742, 0.0436725
0.376666, 0.925272, 0.044665
-0.902713, -0.427813, 0.0456576
0.954572, -0.294305, 0.0466501
-0.505048, 0.861775, 0.0476427
-0.209704, -0.976555, 0.0486352
0.814242, 0.5784, 0.0496278
-0.991051, 0.123513, 0.0506203
0.647306, -0.760481, 0.0516129
0.0363928, 0.997952, 0.0526055
-0.700905, -0.711238, 0.053598
0.997206, 0.0509878, 0.0545906
-0.769708, 0.635971, 0.0555831
0.137959, -0.988821, 0.0565757
0.56618, 0.822269, 0.0575682
-0.972862, -0.223853, 0.0585608
0.868518, -0.492067, 0.0595533
-0.308013, 0.949454, 0.0605459
-0.414203, -0.908102, 0.0615385
0.918777, 0.389792, 0.062531
-0.94072, 0.333184, 0.0635236
0.468565, -0.88107, 0.0645161
0.249633, 0.966122, 0.0655087
-0.836622, -0.543728, 0.0665012
0.984117, -0.164191, 0.0674938
-0.614706, 0.785777, 0.0684864
-0.0775147, -0.994567, 0.0694789
0.728927, 0.680955, 0.0704715
-0.997396, -0.00973149, 0.071464
0.741969, -0.666508, 0.0724566
-0.0968783, 0.992582, 0.0734491
-0.599001, -0.797281, 0.0744417
0.980167, 0.183257, 0.0754342
-0.846469, 0.526925, 0.0764268
0.268206, -0.960246, 0.0774194
0.450834, 0.889157, 0.0784119
-0.932975, -0.351075, 0.0794045
0.92502, -0.371314, 0.080397
-0.431227, 0.898565, 0.0813896
-0.288975, -0.953785, 0.0823821
0.857283, 0.50805, 0.0833747
-0.975235, 0.204449, 0.0843672
0.580955, -0.809447, 0.0853598
0.118385, 0.989206, 0.0863524
-0.755427, -0.649385, 0.0873449
0.995594, -0.0314443, 0.0883375
-0.712816, 0.695638, 0.08933
0.0557066, -0.994353, 0.0903226
0.630542, 0.770764, 0.0913151
-0.985496, -0.142399, 0.0923077
0.822787, -0.56064, 0.0933002
-0.227969, 0.969092, 0.0942928
-0.486469, -0.868487, 0.0952854
0.94527, 0.31176, 0.0962779
-0.907516, 0.408599, 0.0972705
0.393131, -0.914217, 0.098263
0.32763, 0.939578, 0.0992556
-0.876172, -0.471458, 0.100248
0.96443, -0.244183, 0.101241
-0.546142, 0.831431, 0.102233
-0.158899, -0.981884, 0.103226
0.780339, 0.616611, 0.104218
-0.991808, 0.0724338, 0.105211
0.682328, -0.723291, 0.106203
-0.01455, 0.994131, 0.107196
-0.660726, -0.74279, 0.108189
0.988838, 0.101385, 0.109181
-0.797535, 0.593127, 0.110174
0.187405, -0.975972, 0.111166
0.521014, 0.846147, 0.112159
-0.955636, -0.271951, 0.113151
0.888255, -0.444943, 0.114144
-0.354376, 0.927988, 0.115136
-0.365499, -0.923539, 0.116129
0.893244, 0.434047, 0.117122
-0.951733, 0.283291, 0.118114
0.510357, -0.851675, 0.119107
0.198953, 0.972622, 0.120099
-0.803601, -0.58272, 0.121092
0.986051, -0.113131, 0.122084
-0.650584, 0.749395, 0.123077
-0.0264853, -0.99192, 0.124069
0.689475, 0.713431, 0.125062
-0.990188, -0.0603202, 0.126055
0.770781, -0.624304, 0.127047
-0.14662, 0.980871, 0.12804
-0.554384, -0.822197, 0.129032
0.964046, 0.231751, 0.130025
-0.867289, 0.480254, 0.131017
0.315063, -0.939845, 0.13201
0.402485, 0.905713, 0.133002
-0.908458, -0.395917, 0.133995
0.937179, -0.321674, 0.134988
-0.473694, 0.870128, 0.13598
-0.238443, -0.961449, 0.136973
0.825155, 0.5478, 0.137965
-0.97834, 0.153432, 0.138958
0.617669, -0.773886, 0.13995
0.0672933, 0.987728, 0.140943
-0.716718, -0.682766, 0.141935
0.989545, 0.0193116, 0.142928
-0.742596, 0.654093, 0.143921
0.105718, -0.98378, 0.144913
0.586494, 0.796703, 0.145906
-0.970484, -0.191265, 0.146898
0.844676, -0.514443, 0.147891
-0.275295, 0.949761, 0.148883
-0.438494, -0.886149, 0.149876
0.921776, 0.357166, 0.150868
-0.920809, 0.359233, 0.151861
0.436251, -0.886748, 0.152854
0.277269, 0.948395, 0.153846
-0.844948, -0.511945, 0.154839
0.968699, -0.193232, 0.155831
-0.583669, 0.796703, 0.156824
-0.107768, -0.98157, 0.157816
0.742387, 0.650878, 0.158809
-0.986914, 0.0215343, 0.159801
0.713057, -0.682418, 0.160794
-0.0648086, 0.984695, 0.161787
-0.617262, -0.769734, 0.162779
0.974935, 0.150598, 0.163772
-0.820477, 0.547421, 0.164764
0.235177, -0.957714, 0.165757
0.473434, 0.864902, 0.166749
-0.933169, -0.317897, 0.167742
0.902671, -0.395871, 0.168734
-0.398125, 0.901493, 0.169727
-0.315329, -0.9335, 0.17072
0.862933, 0.475249, 0.171712
-0.957157, 0.232428, 0.172705
0.548678, -0.817791, 0.173697
0.147806, 0.973466, 0.17469
-0.766417, -0.617852, 0.175682
0.982308, -0.0621114, 0.176675
-0.682244, 0.709209, 0.177667
0.0239967, -0.983618, 0.17866
0.646611, 0.741363, 0.179653
-0.977394, -0.109858, 0.180645
0.79476, -0.579107, 0.181638
-0.194814, 0.963688, 0.18263
-0.507217, -0.84203, 0.183623
0.94261, 0.278214, 0.184615
-0.882814, 0.431496, 0.185608
0.35942, -0.914329, 0.1866
0.352527, 0.916806, 0.187593
-0.879066, -0.437811, 0.188586
0.943749, -0.27092, 0.189578
-0.512787, 0.837097, 0.190571
-0.187301, -0.963443, 0.191563
0.78875, 0.583777, 0.192556
-0.975741, 0.102314, 0.193548
0.650239, -0.7344, 0.194541
0.0166104, 0.980556, 0.195533
-0.674468, -0.711668, 0.196526
0.977857, 0.069151, 0.197519
-0.767595, 0.609419, 0.198511
0.154313, -0.96767, 0.199504
0.539755, 0.817598, 0.200496
-0.95008, -0.238222, 0.201489
0.861296, -0.466015, 0.202481
-0.320237, 0.925228, 0.203474
-0.388767, -0.898362, 0.204467
0.89331, 0.399731, 0.205459
-0.928515, 0.308607, 0.206452
0.476094, -0.854576, 0.207444
0.226152, 0.95153, 0.208437
-0.809331, -0.548746, 0.209429
0.967237, -0.142036, 0.210422
-0.617132, 0.757927, 0.211414
-0.0569059, -0.975523, 0.212407
0.700762, 0.68073, 0.2134
-0.976329, -0.0285851, 0.214392
0.739059, -0.63828, 0.215385
-0.113781, 0.969657, 0.216377
-0.570966, -0.791674, 0.21737
0.955564, 0.198029, 0.218362
-0.838178, 0.49934, 0.219355
0.280683, -0.934165, 0.220347
0.423955, 0.87822, 0.22134
-0.905631, -0.361111, 0.222333
0.911499, -0.345392, 0.223325
-0.438699, 0.870187, 0.224318
-0.264257, -0.937765, 0.22531
0.828111, 0.512854, 0.226303
-0.956824, 0.181175, 0.227295
0.583011, -0.779732, 0.228288
0.0967839, 0.968537, 0.22928
-0.725428, -0.648636, 0.230273
0.97282, -0.0117326, 0.231266
-0.709229, 0.66562, 0.232258
0.0733261, -0.969648, 0.233251
0.600772, 0.764332, 0.234243
-0.959053, -0.15774, 0.235236
0.813526, -0.531387, 0.236228
-0.240862, 0.941123, 0.237221
-0.458, -0.85644, 0.238213
0.916002, 0.322057, 0.239206
-0.892752, 0.38118, 0.240199
0.400703, -0.883891, 0.241191
0.301517, 0.92219, 0.242184
-0.845044, -0.4762, 0.243176
0.944535, -0.219627, 0.244169
-0.547973, 0.799763, 0.245161
-0.136139, -0.959622, 0.246154
0.748405, 0.615474, 0.247146
-0.967344, 0.0516951, 0.248139
0.678192, -0.691368, 0.249132
-0.0330562, 0.967649, 0.250124
-0.629096, -0.735648, 0.251117
0.960543, 0.117465, 0.252109
-0.78741, 0.562072, 0.253102
0.200883, -0.946088, 0.254094
0.490816, 0.833085, 0.255087
-0.924402, -0.282673, 0.256079
0.87233, -0.415877, 0.257072
-0.362209, 0.89566, 0.258065
-0.337835, -0.904852, 0.259057
0.86009, 0.438884, 0.26005
-0.930407, 0.257291, 0.261042
0.512113, -0.817972, 0.262035
0.174867, 0.948809, 0.263027
-0.769636, -0.581338, 0.26402
0.959923, -0.0911958, 0.265012
-0.646032, 0.715461, 0.266005
-0.00692075, -0.963672, 0.266998
0.655867, 0.705705, 0.26799
-0.960037, -0.0773112, 0.268983
0.759905, -0.591318, 0.269975
-0.160854, 0.949053, 0.270968
-0.522316, -0.808223, 0.27196
0.930814, 0.243068, 0.272953
-0.850294, 0.449393, 0.273945
0.323324, -0.905467, 0.274938
0.373114, 0.885804, 0.275931
-0.873215, -0.40101, 0.276923
0.914487, -0.294069, 0.277916
-0.475531, 0.834314, 0.278908
-0.212865, -0.936132, 0.279901
0.78907, 0.546322, 0.280893
-0.950582, 0.130129, 0.281886
0.612842, -0.737838, 0.282878
0.0464972, 0.957734, 0.283871
-0.681017, -0.674588, 0.284864
0.957543, 0.0373884, 0.285856
-0.731091, 0.61905, 0.286849
0.120884, -0.950018, 0.287841
0.552419, 0.781926, 0.288834
-0.935227, -0.20335, 0.289826
0.826708, -0.481641, 0.290819
-0.284155, 0.913292, 0.291811
-0.407263, -0.865102, 0.292804
0.88439, 0.362682, 0.293797
-0.896823, 0.329861, 0.294789
0.43833, -0.848752, 0.295782
0.250032, 0.921634, 0.296774
-0.806659, -0.510525, 0.297767
0.939355, -0.168391, 0.298759
-0.578716, 0.758444, 0.299752
-0.0855663, -0.949859, 0.300744
0.704482, 0.642386, 0.301737
-0.953074, 0.00219514, 0.30273
0.701052, -0.645197, 0.303722
-0.0810826, 0.948986, 0.304715
-0.581049, -0.754271, 0.305707
0.937636, 0.163628, 0.3067
-0.801643, 0.512537, 0.307692
0.24481, -0.91912, 0.308685
0.440192, 0.842811, 0.309677
-0.89359, -0.324007, 0.31067
0.877469, -0.364574, 0.311663
-0.400615, 0.861252, 0.312655
-0.286268, -0.90536, 0.313648
0.822362, 0.474049, 0.31464
-0.926278, 0.205877, 0.315633
0.543751, -0.777228, 0.316625
0.124022, 0.940073, 0.317618
-0.726205, -0.609191, 0.31861
0.94665, -0.0413312, 0.319603
-0.669874, 0.669692, 0.320596
0.0415591, -0.945967, 0.321588
0.60813, 0.725341, 0.322581
-0.938041, -0.124013, 0.323573
0.775173, -0.541999, 0.324566
-0.205399, 0.922943, 0.325558
-0.471813, -0.818998, 0.326551
0.900798, 0.285095, 0.327543
-0.856486, 0.398115, 0.328536
0.362491, -0.871786, 0.329529
0.321475, 0.887361, 0.330521
-0.836141, -0.436998, 0.331514
0.911394, -0.242487, 0.332506
-0.508047, 0.794145, 0.333499
-0.161759, -0.928412, 0.334491
0.74613, 0.575101, 0.335484
-0.938295, 0.0799122, 0.336476
0.637649, -0.692473, 0.337469
-0.00242309, 0.940977, 0.338462
-0.633593, -0.69522, 0.339454
0.936449, 0.084615, 0.340447
-0.747379, 0.569951, 0.341439
0.166033, -0.924756, 0.342432
0.502042, 0.793734, 0.343424
-0.905999, -0.246055, 0.344417
0.833939, -0.430393, 0.345409
-0.324068, 0.880333, 0.346402
-0.35556, -0.867695, 0.347395
0.847965, 0.399477, 0.348387
-0.894753, 0.27812, 0.34938
0.471709, -0.809154, 0.350372
0.198673, 0.914916, 0.351365
-0.764208, -0.540214, 0.352357
0.928041, -0.117831, 0.35335
-0.604472, 0.713481, 0.354342
-0.0362163, -0.934037, 0.355335
0.657372, 0.663998, 0.356328
-0.932871, -0.0455443, 0.35732
0.718342, -0.596319, 0.358313
-0.126823, 0.924562, 0.359305
-0.5308, -0.767097, 0.360298
0.909187, 0.206998, 0.36129
-0.809897, 0.461322, 0.362283
0.285455, -0.886874, 0.363275
0.388427, 0.846424, 0.364268
-0.857807, -0.361596, 0.365261
0.876408, -0.312679, 0.366253
-0.434841, 0.822219, 0.367246
-0.234664, -0.89963, 0.368238
0.780394, 0.504632, 0.369231
-0.915923, 0.154983, 0.370223
0.57044, -0.732664, 0.371216
0.0742506, 0.925174, 0.372208
-0.679404, -0.631768, 0.373201
0.927325, 0.00691183, 0.374194
-0.688152, 0.621034, 0.375186
0.0878812, -0.92237, 0.376179
0.558008, 0.739168, 0.377171
-0.91036, -0.168037, 0.378164
0.784434, -0.490819, 0.379156
-0.246765, 0.8914, 0.380149
-0.419989, -0.823614, 0.381141
0.865646, 0.323465, 0.382134
-0.856417, 0.346069, 0.383127
0.397552, -0.83331, 0.384119
0.269629, 0.882604, 0.385112
-0.794649, -0.468462, 0.386104
0.901984, -0.191262, 0.387097
-0.535656, 0.749973, 0.388089
-0.111572, -0.914422, 0.389082
0.699634, 0.598627, 0.390074
-0.919834, 0.0311724, 0.391067
0.656899, -0.644029, 0.39206
-0.0493187, 0.918193, 0.393052
-0.583594, -0.710033, 0.394045
0.909523, 0.129284, 0.395037
-0.757631, 0.518802, 0.39603
0.20811, -0.893903, 0.397022
0.450158, 0.799338, 0.398015
-0.871468, -0.285196, 0.399007
0.834846, -0.378195, 0.4
-0.359952, 0.842401, 0.400993
-0.303472, -0.863894, 0.401985
0.806938, 0.43181, 0.402978
-0.886271, 0.226567, 0.40397
0.500224, -0.765363, 0.404963
0.148074, 0.901817, 0.405955
-0.718007, -0.564676, 0.406948
0.910428, -0.0685988, 0.40794
-0.624679, 0.665244, 0.408933
0.0112477, -0.91205, 0.409926
0.607489, 0.679782, 0.410918
-0.906684, -0.090852, 0.411911
0.72957, -0.545196, 0.412903
-0.169604, 0.894385, 0.413896
-0.47885, -0.773673, 0.414888
0.875262, 0.246901, 0.415881
-0.811764, 0.408969, 0.416873
0.322153, -0.849474, 0.417866
0.336096, 0.843562, 0.418859
-0.817232, -0.394787, 0.419851
0.868836, -0.260796, 0.420844
-0.464251, 0.778797, 0.421836
-0.183652, -0.887405, 0.422829
0.734477, 0.530018, 0.423821
-0.899141, 0.105259, 0.424814
0.591592, -0.684622, 0.425806
0.0262205, 0.903966, 0.426799
-0.629628, -0.648508, 0.427792
0.901859, 0.0528548, 0.428784
-0.70034, 0.569926, 0.429777
0.131361, -0.892851, 0.430769
0.505985, 0.7467, 0.431762
-0.877023, -0.208696, 0.432754
0.787245, -0.438303, 0.433747
-0.284269, 0.854513, 0.434739
-0.367408, -0.821675, 0.435732
0.825507, 0.357506, 0.436725
-0.849738, 0.293851, 0.437717
0.427847, -0.790241, 0.43871
0.218201, 0.871235, 0.439702
-0.748999, -0.494761, 0.440695
0.886013, -0.141044, 0.441687
-0.55774, 0.702111, 0.44268
-0.0629748, -0.893974, 0.443672
0.649949, 0.616311, 0.444665
-0.895071, -0.0154057, 0.445658
0.670033, -0.592924, 0.44665
-0.0934953, 0.889311, 0.447643
-0.531485, -0.718506, 0.448635
0.876754, 0.170696, 0.449628
-0.761368, 0.466112, 0.45062
0.246416, -0.857511, 0.451613
0.397317, 0.798303, 0.452605
-0.831744, -0.320079, 0.453598
0.829042, -0.325634, 0.454591
-0.391124, 0.799666, 0.455583
-0.25162, -0.853362, 0.456576
0.761537, 0.459012, 0.457568
-0.871091, 0.175849, 0.458561
0.523229, -0.717664, 0.459553
0.098905, 0.882108, 0.460546
-0.668397, -0.583291, 0.461538
0.886345, -0.0213825, 0.462531
-0.638746, 0.614125, 0.463524
0.056123, -0.883784, 0.464516
0.555277, 0.68918, 0.465509
-0.874462, -0.133017, 0.466501
0.734217, -0.492316, 0.467494
-0.20871, 0.858464, 0.468486
-0.425734, -0.773524, 0.469479
0.835931, 0.282624, 0.470471
-0.806814, 0.356051, 0.471464
0.354198, -0.80705, 0.472457
0.283808, 0.833846, 0.473449
-0.772058, -0.422886, 0.474442
0.854426, -0.209567, 0.475434
-0.488168, 0.731238, 0.476427
-0.133902, -0.868413, 0.477419
0.684918, 0.549553, 0.478412
-0.875715, 0.0573968, 0.479404
0.606579, -0.633468, 0.480397
-0.0193589, 0.876293, 0.48139
-0.577293, -0.658817, 0.482382
0.870159, 0.0957758, 0.483375
-0.705881, 0.516837, 0.484367
0.171268, -0.857376, 0.48536
0.452576, 0.74742, 0.486352
-0.838059, -0.245259, 0.487345
0.783131, -0.38501, 0.488337
-0.317183, 0.812374, 0.48933
-0.314668, -0.812753, 0.490323
0.780532, 0.386496, 0.491315
-0.836076, 0.242096, 0.492308
0.45267, -0.742795, 0.4933
0.167857, 0.852935, 0.494293
-0.699467, -0.515207, 0.495285
0.863219, -0.0925254, 0.496278
-0.573635, 0.650895, 0.49727
-0.0166817, -0.866865, 0.498263
0.597466, 0.627518, 0.499256
-0.863863, -0.0590905, 0.500248
0.676452, -0.539602, 0.501241
-0.13421, 0.854254, 0.502233
-0.477759, -0.720076, 0.503226
0.838128, 0.208101, 0.504218
-0.75807, 0.412423, 0.505211
0.2802, -0.815626, 0.506203
0.344103, 0.790155, 0.507196
-0.786939, -0.34996, 0.508189
0.816102, -0.273334, 0.509181
-0.416849, 0.752303, 0.510174
-0.200664, -0.835729, 0.511166
0.712, 0.480363, 0.512159
-0.848901, 0.126657, 0.513151
0.540024, -0.666356, 0.514144
0.0518841, 0.855536, 0.515136
-0.615735, -0.595383, 0.516129
0.855601, 0.0230782, 0.517122
-0.646029, 0.560539, 0.518114
0.097654, -0.849112, 0.519107
0.501206, 0.691585, 0.520099
-0.83614, -0.171272, 0.521092
0.731715, -0.438202, 0.522084
-0.243369, 0.8168, 0.523077
-0.372021, -0.766128, 0.524069
0.79126, 0.313397, 0.525062
-0.794574, 0.303181, 0.526055
0.380823, -0.759734, 0.527047
0.232217, 0.816853, 0.52804
-0.72248, -0.445138, 0.529032
0.832812, -0.159681, 0.530025
-0.505856, 0.679802, 0.531017
-0.0861338, -0.842346, 0.53201
0.632042, 0.562522, 0.533002
-0.8454, 0.0121433, 0.533995
0.614713, -0.579583, 0.534988
-0.061721, 0.841971, 0.53598
-0.522841, -0.66204, 0.536973
0.832104, 0.134892, 0.537965
-0.704156, 0.462265, 0.538958
0.206811, -0.815894, 0.53995
0.39833, 0.740752, 0.540943
-0.793484, -0.276929, 0.541935
0.771564, -0.331539, 0.542928
-0.344712, 0.765065, 0.543921
-0.262412, -0.796373, 0.544913
0.730873, 0.409648, 0.545906
-0.815006, 0.191488, 0.546898
0.471246, -0.69119, 0.547891
0.119317, 0.827339, 0.548883
-0.646335, -0.529044, 0.549876
0.833298, -0.0464566, 0.550868
-0.582609, 0.596671, 0.551861
0.0265311, -0.832856, 0.552854
0.542593, 0.631543, 0.553846
-0.826036, -0.0990853, 0.554839
0.675486, -0.484531, 0.555831
-0.17065, 0.812912, 0.556824
-0.422943, -0.714115, 0.557816
0.793603, 0.240679, 0.558809
-0.747151, 0.358313, 0.559801
0.308639, -0.768279, 0.560794
0.291147, 0.774357, 0.561787
-0.737152, -0.374014, 0.562779
0.795544, -0.221971, 0.563772
-0.436312, 0.700481, 0.564764
-0.15132, -0.810569, 0.565757
0.658565, 0.495063, 0.566749
-0.819335, 0.0797441, 0.567742
0.549828, -0.611744, 0.568734
0.00779476, 0.821797, 0.569727
-0.560393, -0.600199, 0.57072
0.817956, 0.0639737, 0.571712
-0.645804, 0.504923, 0.572705
0.135011, -0.807864, 0.573697
0.445772, 0.686308, 0.57469
-0.791617, -0.204773, 0.575682
0.721418, -0.383409, 0.576675
-0.272728, 0.769363, 0.577667
-0.318322, -0.750882, 0.57866
0.741293, 0.338361, 0.579653
-0.774493, 0.251021, 0.580645
0.401175, -0.707641, 0.581638
0.182031, 0.79209, 0.58263
-0.668687, -0.460698, 0.583623
0.803558, -0.111889, 0.584615
-0.516483, 0.624747, 0.585608
-0.0411356, -0.808831, 0.5866
0.576177, 0.568115, 0.587593
-0.80789, -0.0296816, 0.588586
0.615211, -0.523367, 0.589578
-0.100019, 0.800764, 0.590571
-0.466736, -0.657427, 0.591563
0.787529, 0.169337, 0.592556
-0.694454, 0.406735, 0.593548
0.237107, -0.768311, 0.594541
0.343836, 0.726028, 0.595533
-0.743277, -0.302814, 0.596526
0.751924, -0.278534, 0.597519
-0.36596, 0.712641, 0.598511
-0.211338, -0.771966, 0.599504
0.67666, 0.42607, 0.600496
-0.78602, 0.142773, 0.601489
0.482692, -0.635629, 0.602481
0.07337, 0.794, 0.603474
-0.589883, -0.535405, 0.604467
0.795868, -0.00366614, 0.605459
-0.583817, 0.539791, 0.606452
0.0658018, -0.791632, 0.607444
0.485755, 0.627573, 0.608437
-0.781349, -0.134501, 0.609429
0.666353, -0.428204, 0.610422
-0.201905, 0.765119, 0.611414
-0.367595, -0.69988, 0.612407
0.743091, 0.267502, 0.6134
-0.727915, 0.304405, 0.614392
0.330795, -0.715456, 0.615385
0.23913, 0.750264, 0.616377
-0.682448, -0.391304, 0.61737
0.766777, -0.17228, 0.618362
-0.448577, 0.644343, 0.619355
-0.104376, -0.777351, 0.620347
0.601454, 0.502185, 0.62134
-0.781927, 0.0359439, 0.622333
0.551732, -0.554128, 0.623325
-0.0324885, 0.780495, 0.624318
-0.502749, -0.596851, 0.62531
0.773089, 0.100395, 0.626303
-0.637214, 0.447727, 0.627295
0.167254, -0.75979, 0.628288
0.3895, 0.672529, 0.62928
-0.740725, -0.232557, 0.630273
0.702547, -0.32853, 0.631266
-0.295809, 0.716064, 0.632258
-0.265296, -0.727057, 0.633251
0.686019, 0.356529, 0.634243
-0.745894, 0.200294, 0.635236
0.414263, -0.650845, 0.636228
0.134032, 0.758937, 0.637221
-0.610834, -0.468579, 0.638213
0.766109, -0.0670252, 0.639206
-0.519072, 0.566313, 0.640199
0.000208619, -0.767381, 0.641191
0.517644, 0.565371, 0.642184
-0.762768, -0.0671508, 0.643176
0.607139, -0.46522, 0.644169
-0.133288, 0.752331, 0.645161
-0.40946, -0.644071, 0.646154
0.736174, 0.198114, 0.647146
-0.675907, 0.350807, 0.648139
0.261136, -0.714448, 0.649132
0.289726, 0.702422, 0.650124
-0.687345, -0.321877, 0.651117
0.723437, -0.226698, 0.652109
-0.379879, 0.655095, 0.653102
-0.162216, -0.738814, 0.654094
0.617972, 0.434709, 0.655087
-0.74846, 0.0967825, 0.656079
0.485959, -0.576282, 0.657072
0.0309062, 0.752327, 0.658065
-0.530366, -0.53325, 0.659057
0.750411, 0.034904, 0.66005
-0.576236, 0.480599, 0.661042
0.100142, -0.742753, 0.662035
0.42738, 0.614607, 0.663027
-0.729439, -0.164308, 0.66402
0.648088, -0.371135, 0.665012
-0.226913, 0.710597, 0.666005
-0.312311, -0.676444, 0.666998
0.686399, 0.287482, 0.66799
-0.699481, 0.251374, 0.668983
0.345558, -0.657056, 0.669975
0.188803, 0.717047, 0.670968
-0.622819, -0.400707, 0.67196
0.729032, -0.125087, 0.672953
-0.452517, 0.583974, 0.673945
-0.0607228, -0.735372, 0.674938
0.540844, 0.500605, 0.675931
-0.736044, -0.00379077, 0.676923
0.544619, -0.493781, 0.677916
-0.067956, 0.731072, 0.678908
-0.443168, -0.584241, 0.679901
0.72052, 0.13128, 0.680893
-0.619186, 0.389411, 0.681886
0.19328, -0.7045, 0.682878
0.33294, 0.649208, 0.683871
-0.68316, -0.253484, 0.684864
0.674102, -0.274205, 0.685856
-0.311438, 0.656693, 0.686849
-0.213669, -0.6937, 0.687841
0.625328, 0.366705, 0.688834
-0.70788, 0.151808, 0.689826
0.418875, -0.589332, 0.690819
0.0891056, 0.716559, 0.691811
-0.549008, -0.467561, 0.692804
0.7197, -0.0260497, 0.693797
-0.512406, 0.504687, 0.694789
0.0368719, -0.717306, 0.695782
0.456732, 0.553084, 0.696774
-0.709426, -0.0991747, 0.697767
0.589303, -0.405533, 0.698759
-0.160382, 0.69615, 0.699752
-0.351502, -0.620809, 0.700744
0.677609, 0.220027, 0.701737
-0.647383, 0.295071, 0.70273
0.277659, -0.653973, 0.703722
0.236687, 0.668847, 0.704715
-0.625454, -0.332843, 0.705707
0.685064, -0.176812, 0.7067
-0.385169, 0.592298, 0.707692
-0.115917, -0.695938, 0.708685
0.554786, 0.434247, 0.709677
-0.701413, 0.054475, 0.71067
0.479717, -0.513233, 0.711663
-0.00703499, 0.701479, 0.712655
-0.467981, -0.52125, 0.713648
0.696166, 0.0681384, 0.71464
-0.558546, 0.4194, 0.715633
0.128366, -0.685544, 0.716625
0.367886, 0.591341, 0.717618
-0.669726, -0.187258, 0.71861
0.61941, -0.313851, 0.719603
-0.244367, 0.648866, 0.720596
-0.257729, -0.642562, 0.721588
0.623152, 0.299263, 0.722581
-0.660648, 0.199965, 0.723573
0.351536, -0.592813, 0.724566
0.141014, 0.673558, 0.725558
-0.55811, -0.400796, 0.726551
0.681223, -0.0813388, 0.727543
-0.446682, 0.519337, 0.728536
-0.0214049, -0.683615, 0.729529
0.476819, 0.488859, 0.730521
-0.680749, -0.0383232, 0.731514
0.527024, -0.430906, 0.732506
-0.0973854, 0.672678, 0.733499
-0.381975, -0.560908, 0.734491
0.659497, 0.155329, 0.735484
-0.590274, 0.330422, 0.736476
0.211714, -0.64134, 0.737469
0.276662, 0.614925, 0.738462
-0.618378, -0.266114, 0.739454
0.634699, -0.221125, 0.740447
-0.31812, 0.590819, 0.741439
-0.164252, -0.649474, 0.742432
0.558907, 0.367346, 0.743424
-0.659169, 0.10649, 0.744417
0.41343, -0.522915, 0.745409
0.0482929, 0.663741, 0.746402
-0.483149, -0.456035, 0.747395
0.663189, 0.00988672, 0.748387
-0.494855, 0.439942, 0.74938
0.0675988, -0.65755, 0.750372
0.39365, 0.529614, 0.751365
-0.646903, -0.1244, 0.752357
0.56007, -0.344653, 0.75335
-0.179857, 0.631363, 0.754342
-0.293348, -0.586017, 0.755335
0.611084, 0.233548, 0.756328
-0.607285, 0.240147, 0.75732
0.285072, -0.586256, 0.758313
0.185477, 0.623742, 0.759305
-0.557102, -0.334043, 0.760298
0.635292, -0.129771, 0.76129
-0.3801, 0.523878, 0.762283
-0.0734675, -0.641883, 0.763275
0.486871, 0.422907, 0.764268
-0.643496, 0.017007, 0.765261
0.462156, -0.446395, 0.766253
-0.0391717, 0.640156, 0.767246
-0.402787, -0.497567, 0.768238
0.631924, 0.094635, 0.769231
-0.528894, 0.356409, 0.770223
0.148958, -0.6189, 0.771216
0.307641, 0.555924, 0.772208
-0.60122, -0.201728, 0.773201
0.578479, -0.256879, 0.774194
-0.252547, 0.579057, 0.775186
-0.204531, -0.596417, 0.776179
0.552614, 0.301036, 0.777171
-0.609635, 0.151016, 0.778164
0.346835, -0.522131, 0.779156
0.0967584, 0.618066, 0.780149
-0.487875, -0.38961, 0.781141
0.621681, -0.0421849, 0.782134
-0.429051, 0.450142, 0.783127
0.012278, -0.620489, 0.784119
0.409251, 0.46488, 0.785112
-0.614538, -0.0662081, 0.786104
0.496845, -0.365545, 0.787097
-0.119191, 0.603911, 0.788089
-0.319387, -0.52473, 0.789082
0.58873, 0.170821, 0.790074
-0.54835, 0.271155, 0.791067
0.220709, -0.569148, 0.79206
0.221241, 0.567557, 0.793052
-0.545354, -0.26848, 0.794045
0.582237, -0.170048, 0.795037
-0.313782, 0.517569, 0.79603
-0.117985, -0.592313, 0.797022
0.486042, 0.35628, 0.798015
-0.597747, 0.0654633, 0.799007
0.395669, -0.45105, 0.8
0.0128972, 0.598535, 0.800993
-0.412895, -0.431668, 0.801985
0.594712, 0.0393038, 0.802978
-0.464026, 0.371903, 0.80397
0.090736, -0.586346, 0.804963
0.328417, 0.492522, 0.805955
-0.573544, -0.141005, 0.806948
0.516969, -0.282799, 0.80794
-0.189729, 0.556444, 0.808933
-0.235423, -0.537212, 0.809926
0.535219, 0.236542, 0.810918
-0.55313, 0.186676, 0.811911
0.281096, -0.510072, 0.812903
0.13695, 0.56464, 0.813896
-0.481235, -0.323063, 0.814888
0.571692, -0.0866434, 0.815881
-0.36214, 0.448968, 0.816873
-0.0361545, -0.574272, 0.817866
0.413556, 0.398048, 0.818859
-0.572403, -0.0141202, 0.819851
0.430537, -0.375305, 0.820844
-0.0637894, 0.566141, 0.821836
-0.334542, -0.459385, 0.822829
0.55558, 0.11247, 0.823821
-0.484402, 0.291611, 0.824814
0.159791, -0.540842, 0.825806
0.24687, 0.505429, 0.826799
-0.522086, -0.205394, 0.827792
0.522343, -0.200687, 0.828784
-0.24894, 0.499499, 0.829777
-0.153438, -0.535051, 0.830769
0.473297, 0.290108, 0.831762
-0.543497, 0.105507, 0.832754
0.328598, -0.443722, 0.833747
0.0572755, 0.547658, 0.834739
-0.411043, -0.364137, 0.835732
0.547548, -0.00912642, 0.836725
-0.396477, 0.375548, 0.837717
0.0385627, -0.543212, 0.83871
0.337547, 0.425396, 0.839702
-0.534729, -0.0854215, 0.840695
0.450705, -0.297367, 0.841687
-0.13109, 0.522213, 0.84268
-0.255347, -0.472244, 0.843672
0.505805, 0.175222, 0.844665
-0.489885, 0.21184, 0.845658
0.217486, -0.485678, 0.84665
0.167205, 0.503532, 0.847643
-0.462035, -0.25757, 0.848635
0.513123, -0.121808, 0.849628
-0.295182, 0.435101, 0.85062
-0.0760154, -0.51863, 0.851613
0.405128, 0.330053, 0.852605
-0.520056, 0.030195, 0.853598
0.361941, -0.372389, 0.854591
-0.0152905, 0.51744, 0.855583
-0.337176, -0.390628, 0.856576
0.510849, 0.0600845, 0.857568
-0.415925, 0.299799, 0.858561
0.10384, -0.500385, 0.859553
0.260581, 0.437674, 0.860546
-0.486179, -0.146223, 0.861538
0.455745, -0.219855, 0.862531
-0.186914, 0.468391, 0.863524
-0.177966, -0.470043, 0.864516
0.447208, 0.22561, 0.865509
-0.4805, 0.135261, 0.866501
0.262028, -0.422842, 0.867494
0.0920923, 0.487084, 0.868486
-0.395531, -0.295909, 0.869479
0.489793, -0.0488095, 0.870471
-0.327015, 0.36553, 0.871464
-0.00576054, -0.488658, 0.872457
0.333116, 0.355134, 0.873449
-0.483739, -0.0367133, 0.874442
0.380084, -0.298582, 0.875434
-0.0782795, 0.47513, 0.876427
-0.262235, -0.401707, 0.877419
0.46295, 0.118617, 0.878412
-0.419876, 0.224391, 0.879404
0.157419, -0.447348, 0.880397
0.185378, 0.434497, 0.88139
-0.4285, -0.194396, 0.882382
0.445501, -0.145526, 0.883375
-0.229276, 0.406604, 0.884367
-0.10517, -0.452855, 0.88536
0.381885, 0.261808, 0.886352
-0.456553, 0.0646433, 0.887345
0.291765, -0.354584, 0.888337
0.0242774, 0.456621, 0.88933
-0.324963, -0.318943, 0.890323
0.453116, 0.0156024, 0.891315
-0.343165, 0.293299, 0.892308
0.0546792, -0.446122, 0.8933
0.259883, 0.364281, 0.894293
-0.435753, -0.0926474, 0.895285
0.382169, -0.225017, 0.896278
-0.129214, 0.422148, 0.89727
-0.189008, -0.396736, 0.898263
0.405474, 0.164104, 0.899256
-0.407917, 0.152173, 0.900248
0.197058, -0.385919, 0.901241
0.114829, 0.41568, 0.902233
-0.363694, -0.227838, 0.903226
0.420018, -0.077292, 0.904218
-0.256227, 0.339029, 0.905211
-0.0398769, -0.420957, 0.906203
0.312173, 0.282034, 0.907196
-0.418551, 0.00289209, 0.908189
0.30509, -0.28339, 0.909181
-0.033362, 0.412881, 0.910174
-0.252954, -0.325254, 0.911166
0.404056, 0.068596, 0.912159
-0.342412, 0.221153, 0.913151
0.102533, -0.392209, 0.914144
0.18828, 0.356477, 0.915136
-0.3775, -0.134913, 0.916129
0.367391, -0.154633, 0.917122
-0.165493, 0.360109, 0.918114
-0.120515, -0.375125, 0.919107
0.340239, 0.194048, 0.920099
-0.379678, 0.0862255, 0.921092
0.220376, -0.318111, 0.922084
0.0520615, 0.381076, 0.923077
-0.293963, -0.244298, 0.924069
0.379374, -0.0183149, 0.925062
-0.265659, 0.268045, 0.926055
0.0147309, -0.374655, 0.927047
0.240623, 0.284329, 0.92804
-0.367027, -0.0468033, 0.929032
0.300205, -0.211968, 0.930025
-0.0776429, 0.356621, 0.931017
-0.182363, -0.313211, 0.93201
0.343593, 0.107006, 0.933002
-0.323298, 0.152091, 0.933995
0.134664, -0.328121, 0.934988
0.121439, 0.330445, 0.93598
-0.310403, -0.160412, 0.936973
0.334658, -0.0906924, 0.937965
-0.184062, 0.290654, 0.938958
-0.0601328, -0.335972, 0.93995
0.269104, 0.20545, 0.940943
-0.334448, 0.0300365, 0.941935
0.224437, -0.245998, 0.942928
0.000670699, 0.330172, 0.943921
-0.221592, -0.240907, 0.944913
0.323256, 0.027708, 0.945906
-0.254771, 0.196151, 0.946898
0.0548562, -0.313837, 0.947891
0.169946, 0.265967, 0.948883
-0.302073, -0.0805459, 0.949876
0.274459, -0.143252, 0.950868
-0.104566, 0.288143, 0.951861
-0.116345, -0.280239, 0.952854
0.272246, 0.126726, 0.953846
-0.283324, 0.0895003, 0.954839
0.146855, -0.254598, 0.955831
0.0629887, 0.283762, 0.956824
-0.235431, -0.164803, 0.957816
0.281622, -0.0370758, 0.958809
-0.180447, 0.214988, 0.959801
-0.0120186, -0.277002, 0.960794
0.193527, 0.193685, 0.961787
-0.270026, -0.0119366, 0.962779
0.204442, -0.171311, 0.963772
-0.0345559, 0.260837, 0.964764
-0.148612, -0.212669, 0.965757
0.249604, 0.0556201, 0.966749
-0.218343, 0.125705, 0.967742
0.0749259, -0.236516, 0.968734
0.102869, 0.221466, 0.969727
-0.22178, -0.0922875, 0.97072
0.222068, -0.080383, 0.971712
-0.107538, 0.205624, 0.972705
-0.058523, -0.220201, 0.973697
0.188289, 0.120528, 0.97469
-0.215946, 0.0375642, 0.975682
0.131131, -0.170032, 0.976675
0.0177771, 0.209405, 0.977667
-0.151123, -0.139235, 0.97866
0.2007, 0.000571381, 0.979653
-0.144748, 0.131845, 0.980645
0.0172178, -0.189976, 0.981638
0.112491, 0.147593, 0.98263
-0.177394, -0.0318996, 0.983623
0.147701, -0.0933654, 0.984615
-0.04435, 0.163126, 0.985608
-0.0747866, -0.145005, 0.9866
0.147352, 0.0542888, 0.987593
-0.139425, 0.0570887, 0.988586
0.0614035, -0.130248, 0.989578
0.0406303, 0.130839, 0.990571
-0.111966, -0.0653133, 0.991563
0.119024, -0.025812, 0.992556
-0.0654887, 0.0925896, 0.993548
-0.0131151, -0.10352, 0.994541
0.0720162, 0.0610468, 0.995533
-0.0832199, 0.00320411, 0.996526
0.0500451, -0.0495188, 0.997519
-0.00267475, 0.0544821, 0.998511
-0.020114, -0.0242433, 0.999504
